 2.6056741E-03  2.7043219E+01
 7.8170225E-03  2.8607971E+01
 1.3028371E-02  3.1583466E+01
 1.8239720E-02  3.0495804E+01
 2.3451068E-02  3.0989876E+01
 2.8662415E-02  3.2373199E+01
 3.3873763E-02  3.3924381E+01
 3.9085113E-02  3.5214745E+01
 4.4296462E-02  4.2893707E+01
 4.9507808E-02  4.0263458E+01
 5.4719158E-02  3.4012840E+01
 5.9930507E-02  3.1104509E+01
 6.5141857E-02  2.9095339E+01
 7.0353203E-02  2.7391031E+01
 7.5564548E-02  2.6839397E+01
 8.0775902E-02  2.5925154E+01
 8.5987248E-02  2.5278625E+01
 9.1198593E-02  2.5075827E+01
 9.6409947E-02  2.4680653E+01
 1.0162129E-01  2.4136019E+01
 1.0683264E-01  2.3829504E+01
 1.1204399E-01  2.3645689E+01
 1.1725534E-01  2.3493853E+01
 1.2246668E-01  2.3678318E+01
 1.2767804E-01  2.3963648E+01
 1.3288938E-01  2.3701618E+01
 1.3810073E-01  2.3937904E+01
 1.4331208E-01  2.3826921E+01
 1.4852342E-01  2.3606003E+01
 1.5373477E-01  2.3788841E+01
 1.5894613E-01  2.3513823E+01
 1.6415747E-01  2.3231438E+01
 1.6936882E-01  2.3368219E+01
 1.7458017E-01  2.2828354E+01
 1.7979151E-01  2.2929193E+01
 1.8500286E-01  2.3118689E+01
 1.9021422E-01  2.2743269E+01
 1.9542556E-01  2.2873911E+01
 2.0063691E-01  2.3346655E+01
 2.0584826E-01  2.3421263E+01
 2.1105960E-01  2.3722492E+01
 2.1627095E-01  2.4054770E+01
 2.2148231E-01  2.4311222E+01
 2.2669365E-01  2.5216824E+01
 2.3190500E-01  2.5883509E+01
 2.3711635E-01  2.7215666E+01
 2.4232769E-01  2.9447634E+01
 2.4753904E-01  3.1098087E+01
 2.5275040E-01  3.2410534E+01
 2.5796175E-01  3.3683575E+01
 2.6317310E-01  3.5289322E+01
 2.6838443E-01  3.7046967E+01
 2.7359578E-01  3.8839569E+01
 2.7880713E-01  3.9759720E+01
 2.8401849E-01  4.0693943E+01
 2.8922984E-01  4.1892448E+01
 2.9444119E-01  4.3086735E+01
 2.9965252E-01  4.4760334E+01
 3.0486387E-01  4.5911419E+01
 3.1007522E-01  4.6698204E+01
 3.1528658E-01  4.7852776E+01
 3.2049793E-01  4.9572559E+01
 3.2570925E-01  5.1340210E+01
 3.3092061E-01  5.2065067E+01
 3.3613196E-01  5.3306370E+01
 3.4134331E-01  5.4799835E+01
 3.4655467E-01  5.5736938E+01
 3.5176602E-01  5.7248055E+01
 3.5697734E-01  5.8152622E+01
 3.6218870E-01  5.9176186E+01
 3.6740005E-01  6.0468174E+01
 3.7261140E-01  6.1258953E+01
 3.7782276E-01  6.2652924E+01
 3.8303411E-01  6.4212578E+01
 3.8824543E-01  6.5799858E+01
 3.9345679E-01  6.7124542E+01
 3.9866814E-01  6.8727379E+01
 4.0387949E-01  7.0814453E+01
 4.0909085E-01  7.2077957E+01
 4.1430220E-01  7.3797356E+01
 4.1951352E-01  7.4908943E+01
 4.2472488E-01  7.6291031E+01
 4.2993623E-01  7.8196831E+01
 4.3514758E-01  7.9204529E+01
 4.4035894E-01  8.1091927E+01
 4.4557029E-01  8.3021797E+01
 4.5078161E-01  8.4905029E+01
 4.5599297E-01  8.5995720E+01
 4.6120432E-01  8.7288223E+01
 4.6641567E-01  8.9017479E+01
 4.7162703E-01  9.0700935E+01
 4.7683838E-01  9.3035339E+01
 4.8204970E-01  9.5155106E+01
 4.8726106E-01  9.6462402E+01
 4.9247241E-01  9.8445724E+01
 4.9768376E-01  1.0039691E+02
 5.0289512E-01  1.0270178E+02
 5.0810647E-01  1.0479760E+02
 5.1331782E-01  1.0663477E+02
 5.1852918E-01  1.0806094E+02
 5.2374053E-01  1.0909303E+02
 5.2895182E-01  1.1014101E+02
 5.3416318E-01  1.1218523E+02
 5.3937453E-01  1.1430379E+02
 5.4458588E-01  1.1644827E+02
 5.4979724E-01  1.1744118E+02
 5.5500859E-01  1.1814938E+02
 5.6021994E-01  1.1958585E+02
 5.6543130E-01  1.2073016E+02
 5.7064265E-01  1.2184474E+02
 5.7585400E-01  1.2252287E+02
 5.8106536E-01  1.2268238E+02
 5.8627671E-01  1.2399483E+02
 5.9148800E-01  1.2520370E+02
 5.9669936E-01  1.2619621E+02
 6.0191071E-01  1.2782859E+02
 6.0712206E-01  1.2875609E+02
 6.1233342E-01  1.2926569E+02
 6.1754477E-01  1.3023627E+02
 6.2275612E-01  1.3028108E+02
 6.2796748E-01  1.3136650E+02
 6.3317883E-01  1.3291162E+02
 6.3839018E-01  1.3373613E+02
 6.4360154E-01  1.3532333E+02
 6.4881289E-01  1.3631227E+02
 6.5402418E-01  1.3734315E+02
 6.5923554E-01  1.3719270E+02
 6.6444689E-01  1.3807350E+02
 6.6965824E-01  1.3922766E+02
 6.7486960E-01  1.3998796E+02
 6.8008095E-01  1.4151814E+02
 6.8529230E-01  1.4375514E+02
 6.9050366E-01  1.4435442E+02
 6.9571501E-01  1.4527020E+02
 7.0092636E-01  1.4660899E+02
 7.0613772E-01  1.4799312E+02
 7.1134907E-01  1.4887027E+02
 7.1656036E-01  1.4938411E+02
 7.2177172E-01  1.4970920E+02
 7.2698307E-01  1.5061084E+02
 7.3219442E-01  1.5109962E+02
 7.3740578E-01  1.5115054E+02
 7.4261713E-01  1.5258459E+02
 7.4782848E-01  1.5300992E+02
 7.5303984E-01  1.5278284E+02
 7.5825119E-01  1.5242566E+02
 7.6346254E-01  1.5142764E+02
 7.6867390E-01  1.5113963E+02
 7.7388525E-01  1.5234985E+02
 7.7909654E-01  1.5221060E+02
 7.8430790E-01  1.5251765E+02
 7.8951925E-01  1.5257359E+02
 7.9473060E-01  1.5284103E+02
 7.9994196E-01  1.5308485E+02
 8.0515331E-01  1.5274919E+02
 8.1036466E-01  1.5226534E+02
 8.1557602E-01  1.5236702E+02
 8.2078737E-01  1.5234633E+02
 8.2599872E-01  1.5295000E+02
 8.3121008E-01  1.5377092E+02
 8.3642143E-01  1.5409889E+02
 8.4163272E-01  1.5458041E+02
 8.4684408E-01  1.5394138E+02
 8.5205543E-01  1.5275015E+02
 8.5726678E-01  1.5292235E+02
 8.6247814E-01  1.5319971E+02
 8.6768949E-01  1.5292639E+02
 8.7290084E-01  1.5275168E+02
 8.7811220E-01  1.5294173E+02
 8.8332355E-01  1.5369562E+02
 8.8853490E-01  1.5381459E+02
 8.9374626E-01  1.5295226E+02
 8.9895761E-01  1.5273648E+02
 9.0416890E-01  1.5283842E+02
 9.0938026E-01  1.5319658E+02
 9.1459161E-01  1.5301384E+02
 9.1980296E-01  1.5299370E+02
 9.2501432E-01  1.5310672E+02
 9.3022567E-01  1.5201730E+02
 9.3543702E-01  1.5175674E+02
 9.4064838E-01  1.5240796E+02
 9.4585973E-01  1.5215929E+02
 9.5107108E-01  1.5174092E+02
 9.5628244E-01  1.5172646E+02
 9.6149373E-01  1.5342102E+02
 9.6670508E-01  1.6059607E+02
 9.7191644E-01  1.7993735E+02
 9.7712779E-01  2.0636147E+02
 9.8233914E-01  2.1483833E+02
 9.8755050E-01  1.9797292E+02
 9.9276185E-01  1.7451192E+02
 9.9797320E-01  1.5974570E+02
 1.0031846E+00  1.5322945E+02
 1.0083959E+00  1.5101463E+02
 1.0136073E+00  1.5034300E+02
 1.0188186E+00  1.4852547E+02
 1.0240300E+00  1.4725322E+02
 1.0292413E+00  1.4713664E+02
 1.0344527E+00  1.4720456E+02
 1.0396640E+00  1.4705077E+02
 1.0448754E+00  1.4696654E+02
 1.0500867E+00  1.4692952E+02
 1.0552980E+00  1.4643001E+02
 1.0605093E+00  1.4553200E+02
 1.0657207E+00  1.4548424E+02
 1.0709320E+00  1.4532353E+02
 1.0761434E+00  1.4525040E+02
 1.0813547E+00  1.4525847E+02
 1.0865661E+00  1.4547073E+02
 1.0917774E+00  1.4545882E+02
 1.0969888E+00  1.4525224E+02
 1.1022002E+00  1.4501894E+02
 1.1074115E+00  1.4507509E+02
 1.1126229E+00  1.4540598E+02
 1.1178342E+00  1.4513425E+02
 1.1230456E+00  1.4433206E+02
 1.1282569E+00  1.4406885E+02
 1.1334683E+00  1.4465578E+02
 1.1386796E+00  1.4480725E+02
 1.1438910E+00  1.4504010E+02
 1.1491023E+00  1.4574416E+02
 1.1543137E+00  1.4589014E+02
 1.1595250E+00  1.4552902E+02
 1.1647364E+00  1.4517581E+02
 1.1699477E+00  1.4457887E+02
 1.1751591E+00  1.4408932E+02
 1.1803703E+00  1.4384431E+02
 1.1855817E+00  1.4370753E+02
 1.1907930E+00  1.4390796E+02
 1.1960044E+00  1.4431963E+02
 1.2012157E+00  1.4517154E+02
 1.2064271E+00  1.4568692E+02
 1.2116385E+00  1.4536346E+02
 1.2168498E+00  1.4524222E+02
 1.2220612E+00  1.4502260E+02
 1.2272725E+00  1.4529300E+02
 1.2324839E+00  1.4566026E+02
 1.2376952E+00  1.4700880E+02
 1.2429066E+00  1.4751605E+02
 1.2481179E+00  1.4843945E+02
 1.2533293E+00  1.4878780E+02
 1.2585406E+00  1.4948253E+02
 1.2637520E+00  1.5126346E+02
 1.2689633E+00  1.5335670E+02
 1.2741747E+00  1.5654114E+02
 1.2793860E+00  1.5973863E+02
 1.2845974E+00  1.6274960E+02
 1.2898088E+00  1.6583467E+02
 1.2950201E+00  1.6766898E+02
 1.3002315E+00  1.6725728E+02
 1.3054427E+00  1.6477040E+02
 1.3106540E+00  1.6101427E+02
 1.3158654E+00  1.5768706E+02
 1.3210768E+00  1.5513449E+02
 1.3262881E+00  1.5273036E+02
 1.3314995E+00  1.5070340E+02
 1.3367108E+00  1.4867038E+02
 1.3419222E+00  1.4687968E+02
 1.3471335E+00  1.4579871E+02
 1.3523449E+00  1.4535132E+02
 1.3575562E+00  1.4556073E+02
 1.3627676E+00  1.4684087E+02
 1.3679789E+00  1.5031795E+02
 1.3731903E+00  1.6291098E+02
 1.3784016E+00  1.9726057E+02
 1.3836130E+00  2.4186855E+02
 1.3888243E+00  2.5000084E+02
 1.3940357E+00  2.1618454E+02
 1.3992471E+00  1.7830896E+02
 1.4044584E+00  1.5592653E+02
 1.4096698E+00  1.4638840E+02
 1.4148811E+00  1.4276294E+02
 1.4200925E+00  1.4150435E+02
 1.4253038E+00  1.4129787E+02
 1.4305151E+00  1.4119110E+02
 1.4357264E+00  1.4057030E+02
 1.4409378E+00  1.3967464E+02
 1.4461491E+00  1.3902573E+02
 1.4513605E+00  1.3913422E+02
 1.4565718E+00  1.3886203E+02
 1.4617832E+00  1.3836858E+02
 1.4669945E+00  1.3814374E+02
 1.4722059E+00  1.3840866E+02
 1.4774172E+00  1.3906332E+02
 1.4826286E+00  1.3905788E+02
 1.4878399E+00  1.3854620E+02
 1.4930513E+00  1.3840515E+02
 1.4982626E+00  1.3849127E+02
 1.5034740E+00  1.3878745E+02
 1.5086854E+00  1.3914818E+02
 1.5138967E+00  1.3926898E+02
 1.5191081E+00  1.3990099E+02
 1.5243194E+00  1.4128981E+02
 1.5295308E+00  1.4186028E+02
 1.5347421E+00  1.4317014E+02
 1.5399535E+00  1.4492944E+02
 1.5451648E+00  1.4681668E+02
 1.5503761E+00  1.4796280E+02
 1.5555874E+00  1.4847871E+02
 1.5607988E+00  1.4799471E+02
 1.5660101E+00  1.4654054E+02
 1.5712215E+00  1.4505840E+02
 1.5764328E+00  1.4334755E+02
 1.5816442E+00  1.4196098E+02
 1.5868555E+00  1.4039412E+02
 1.5920669E+00  1.3894278E+02
 1.5972782E+00  1.3741972E+02
 1.6024896E+00  1.3643401E+02
 1.6077009E+00  1.3627805E+02
 1.6129123E+00  1.3547166E+02
 1.6181237E+00  1.3503127E+02
 1.6233350E+00  1.3452278E+02
 1.6285464E+00  1.3475989E+02
 1.6337577E+00  1.3510510E+02
 1.6389691E+00  1.3563927E+02
 1.6441804E+00  1.3618295E+02
 1.6493918E+00  1.3712410E+02
 1.6546031E+00  1.3783025E+02
 1.6598145E+00  1.3764513E+02
 1.6650258E+00  1.3784239E+02
 1.6702372E+00  1.3856952E+02
 1.6754484E+00  1.3985036E+02
 1.6806598E+00  1.4277391E+02
 1.6858711E+00  1.5115715E+02
 1.6910825E+00  1.6993793E+02
 1.6962938E+00  1.8910840E+02
 1.7015052E+00  1.8794855E+02
 1.7067165E+00  1.7087247E+02
 1.7119279E+00  1.5541907E+02
 1.7171392E+00  1.4689801E+02
 1.7223506E+00  1.4276634E+02
 1.7275620E+00  1.4043146E+02
 1.7327733E+00  1.3887685E+02
 1.7379847E+00  1.3787677E+02
 1.7431960E+00  1.3742802E+02
 1.7484074E+00  1.3686905E+02
 1.7536187E+00  1.3635381E+02
 1.7588301E+00  1.3587701E+02
 1.7640414E+00  1.3534628E+02
 1.7692528E+00  1.3525957E+02
 1.7744641E+00  1.3470631E+02
 1.7796755E+00  1.3491829E+02
 1.7848868E+00  1.3491591E+02
 1.7900982E+00  1.3484827E+02
 1.7953095E+00  1.3479820E+02
 1.8005208E+00  1.3472943E+02
 1.8057321E+00  1.3461430E+02
 1.8109435E+00  1.3471762E+02
 1.8161548E+00  1.3516446E+02
 1.8213662E+00  1.3524841E+02
 1.8265775E+00  1.3557870E+02
 1.8317889E+00  1.3573126E+02
 1.8370003E+00  1.3604999E+02
 1.8422116E+00  1.3611333E+02
 1.8474230E+00  1.3615974E+02
 1.8526343E+00  1.3716216E+02
 1.8578457E+00  1.3801846E+02
 1.8630570E+00  1.3821648E+02
 1.8682684E+00  1.3840569E+02
 1.8734797E+00  1.3883003E+02
 1.8786911E+00  1.3994133E+02
 1.8839024E+00  1.4098891E+02
 1.8891138E+00  1.4172252E+02
 1.8943251E+00  1.4299367E+02
 1.8995365E+00  1.4530211E+02
 1.9047478E+00  1.4811723E+02
 1.9099592E+00  1.5017969E+02
 1.9151706E+00  1.5309302E+02
 1.9203819E+00  1.5767754E+02
 1.9255931E+00  1.6472417E+02
 1.9308045E+00  1.7878432E+02
 1.9360158E+00  2.1005371E+02
 1.9412272E+00  2.9510934E+02
 1.9464386E+00  5.6948480E+02
 1.9516499E+00  1.4060410E+03
 1.9568613E+00  2.7924353E+03
 1.9620726E+00  3.3774236E+03
 1.9672840E+00  2.5941113E+03
 1.9724953E+00  1.4482922E+03
 1.9777067E+00  7.1643683E+02
 1.9829180E+00  3.8607739E+02
 1.9881294E+00  2.5441475E+02
 1.9933407E+00  2.0159869E+02
 1.9985521E+00  1.7899103E+02
 2.0037634E+00  1.6795575E+02
 2.0089748E+00  1.6200554E+02
 2.0141861E+00  1.5820703E+02
 2.0193975E+00  1.5501167E+02
 2.0246089E+00  1.5175732E+02
 2.0298202E+00  1.4887309E+02
 2.0350316E+00  1.4657158E+02
 2.0402429E+00  1.4484708E+02
 2.0454543E+00  1.4307866E+02
 2.0506656E+00  1.4091827E+02
 2.0558770E+00  1.3874663E+02
 2.0610883E+00  1.3719997E+02
 2.0662997E+00  1.3590860E+02
 2.0715110E+00  1.3523317E+02
 2.0767224E+00  1.3445099E+02
 2.0819337E+00  1.3344472E+02
 2.0871451E+00  1.3238805E+02
 2.0923564E+00  1.3179654E+02
 2.0975678E+00  1.3169405E+02
 2.1027792E+00  1.3117201E+02
 2.1079905E+00  1.3100536E+02
 2.1132016E+00  1.3042914E+02
 2.1184130E+00  1.3005893E+02
 2.1236243E+00  1.3029019E+02
 2.1288357E+00  1.3019052E+02
 2.1340470E+00  1.2971857E+02
 2.1392584E+00  1.2918945E+02
 2.1444697E+00  1.2835744E+02
 2.1496811E+00  1.2821672E+02
 2.1548924E+00  1.2835127E+02
 2.1601038E+00  1.2862573E+02
 2.1653152E+00  1.2878740E+02
 2.1705265E+00  1.2969313E+02
 2.1757379E+00  1.3270410E+02
 2.1809492E+00  1.4273903E+02
 2.1861606E+00  1.6497823E+02
 2.1913719E+00  1.8432919E+02
 2.1965833E+00  1.7903076E+02
 2.2017946E+00  1.5867184E+02
 2.2070060E+00  1.4164799E+02
 2.2122173E+00  1.3292549E+02
 2.2174287E+00  1.2866295E+02
 2.2226400E+00  1.2722134E+02
 2.2278514E+00  1.2630349E+02
 2.2330627E+00  1.2618542E+02
 2.2382741E+00  1.2681290E+02
 2.2434855E+00  1.2653931E+02
 2.2486968E+00  1.2572076E+02
 2.2539082E+00  1.2540156E+02
 2.2591195E+00  1.2530721E+02
 2.2643309E+00  1.2515067E+02
 2.2695422E+00  1.2494022E+02
 2.2747536E+00  1.2472446E+02
 2.2799649E+00  1.2494615E+02
 2.2851763E+00  1.2535343E+02
 2.2903876E+00  1.2552182E+02
 2.2955990E+00  1.2542153E+02
 2.3008103E+00  1.2501778E+02
 2.3060217E+00  1.2498679E+02
 2.3112330E+00  1.2485033E+02
 2.3164444E+00  1.2484351E+02
 2.3216558E+00  1.2478912E+02
 2.3268671E+00  1.2479918E+02
 2.3320785E+00  1.2486568E+02
 2.3372898E+00  1.2526064E+02
 2.3425012E+00  1.2535396E+02
 2.3477125E+00  1.2492074E+02
 2.3529239E+00  1.2474574E+02
 2.3581350E+00  1.2487193E+02
 2.3633463E+00  1.2483003E+02
 2.3685577E+00  1.2469181E+02
 2.3737690E+00  1.2470336E+02
 2.3789804E+00  1.2521798E+02
 2.3841918E+00  1.2611093E+02
 2.3894031E+00  1.3047531E+02
 2.3946145E+00  1.4211899E+02
 2.3998258E+00  1.5376631E+02
 2.4050372E+00  1.5393599E+02
 2.4102485E+00  1.4372078E+02
 2.4154599E+00  1.3355115E+02
 2.4206712E+00  1.2825578E+02
 2.4258826E+00  1.2567472E+02
 2.4310939E+00  1.2486961E+02
 2.4363053E+00  1.2501039E+02
 2.4415166E+00  1.2537536E+02
 2.4467280E+00  1.2571368E+02
 2.4519393E+00  1.2570747E+02
 2.4571507E+00  1.2587518E+02
 2.4623621E+00  1.2597718E+02
 2.4675734E+00  1.2572260E+02
 2.4727848E+00  1.2544981E+02
 2.4779961E+00  1.2582879E+02
 2.4832075E+00  1.2625265E+02
 2.4884188E+00  1.2614548E+02
 2.4936302E+00  1.2597260E+02
 2.4988415E+00  1.2597815E+02
 2.5040529E+00  1.2618910E+02
 2.5092642E+00  1.2666449E+02
 2.5144756E+00  1.2710603E+02
 2.5196869E+00  1.2716077E+02
 2.5248983E+00  1.2660991E+02
 2.5301096E+00  1.2669298E+02
 2.5353210E+00  1.2712432E+02
 2.5405324E+00  1.2749918E+02
 2.5457437E+00  1.2807727E+02
 2.5509551E+00  1.2824130E+02
 2.5561664E+00  1.2874696E+02
 2.5613778E+00  1.2938811E+02
 2.5665891E+00  1.3010834E+02
 2.5718005E+00  1.3009180E+02
 2.5770118E+00  1.3004579E+02
 2.5822232E+00  1.3065555E+02
 2.5874345E+00  1.3179005E+02
 2.5926459E+00  1.3242570E+02
 2.5978572E+00  1.3231274E+02
 2.6030686E+00  1.3216687E+02
 2.6082797E+00  1.3267744E+02
 2.6134911E+00  1.3303404E+02
 2.6187024E+00  1.3301518E+02
 2.6239138E+00  1.3323566E+02
 2.6291251E+00  1.3352867E+02
 2.6343365E+00  1.3436720E+02
 2.6395478E+00  1.3491782E+02
 2.6447592E+00  1.3556978E+02
 2.6499705E+00  1.3589221E+02
 2.6551819E+00  1.3610760E+02
 2.6603932E+00  1.3670480E+02
 2.6656046E+00  1.3737097E+02
 2.6708159E+00  1.3820323E+02
 2.6760273E+00  1.3936520E+02
 2.6812387E+00  1.4059030E+02
 2.6864500E+00  1.4112469E+02
 2.6916614E+00  1.4176898E+02
 2.6968727E+00  1.4322334E+02
 2.7020841E+00  1.4467366E+02
 2.7072954E+00  1.4641960E+02
 2.7125068E+00  1.4829370E+02
 2.7177181E+00  1.5061760E+02
 2.7229295E+00  1.5312442E+02
 2.7281408E+00  1.5693207E+02
 2.7333522E+00  1.6307484E+02
 2.7385635E+00  1.7505222E+02
 2.7437749E+00  1.9929744E+02
 2.7489862E+00  2.5613791E+02
 2.7541976E+00  4.1510327E+02
 2.7594090E+00  9.2898431E+02
 2.7646203E+00  2.4567087E+03
 2.7698317E+00  4.8462715E+03
 2.7750430E+00  5.7752979E+03
 2.7802544E+00  4.3633872E+03
 2.7854657E+00  2.3847769E+03
 2.7906771E+00  1.1262933E+03
 2.7958884E+00  5.5465051E+02
 2.8010998E+00  3.2361322E+02
 2.8063111E+00  2.3011313E+02
 2.8115225E+00  1.8987779E+02
 2.8167338E+00  1.7105933E+02
 2.8219452E+00  1.6074980E+02
 2.8271565E+00  1.5416481E+02
 2.8323679E+00  1.5008224E+02
 2.8375793E+00  1.4702144E+02
 2.8427906E+00  1.4523370E+02
 2.8480020E+00  1.4349727E+02
 2.8532131E+00  1.4139594E+02
 2.8584244E+00  1.4004622E+02
 2.8636358E+00  1.3901707E+02
 2.8688471E+00  1.3781868E+02
 2.8740585E+00  1.3673395E+02
 2.8792698E+00  1.3586852E+02
 2.8844812E+00  1.3545941E+02
 2.8896925E+00  1.3503436E+02
 2.8949039E+00  1.3406624E+02
 2.9001153E+00  1.3344218E+02
 2.9053266E+00  1.3273613E+02
 2.9105380E+00  1.3236945E+02
 2.9157493E+00  1.3203850E+02
 2.9209607E+00  1.3225043E+02
 2.9261720E+00  1.3397900E+02
 2.9313834E+00  1.4127963E+02
 2.9365947E+00  1.5608305E+02
 2.9418061E+00  1.6551965E+02
 2.9470174E+00  1.5944408E+02
 2.9522288E+00  1.4606186E+02
 2.9574401E+00  1.3551523E+02
 2.9626515E+00  1.3067609E+02
 2.9678628E+00  1.2848489E+02
 2.9730742E+00  1.2719135E+02
 2.9782856E+00  1.2655576E+02
 2.9834969E+00  1.2582618E+02
 2.9887083E+00  1.2513792E+02
 2.9939196E+00  1.2479817E+02
 2.9991310E+00  1.2465692E+02
 3.0043423E+00  1.2448824E+02
 3.0095537E+00  1.2449911E+02
 3.0147650E+00  1.2436890E+02
 3.0199764E+00  1.2389486E+02
 3.0251877E+00  1.2363737E+02
 3.0303991E+00  1.2326009E+02
 3.0356104E+00  1.2279413E+02
 3.0408218E+00  1.2255877E+02
 3.0460331E+00  1.2224372E+02
 3.0512445E+00  1.2227787E+02
 3.0564559E+00  1.2203627E+02
 3.0616672E+00  1.2189157E+02
 3.0668786E+00  1.2180984E+02
 3.0720899E+00  1.2153825E+02
 3.0773013E+00  1.2177686E+02
 3.0825126E+00  1.2274839E+02
 3.0877240E+00  1.2584264E+02
 3.0929353E+00  1.3364362E+02
 3.0981467E+00  1.4422113E+02
 3.1033578E+00  1.4608536E+02
 3.1085691E+00  1.3800127E+02
 3.1137805E+00  1.2931195E+02
 3.1189919E+00  1.2389668E+02
 3.1242032E+00  1.2127438E+02
 3.1294146E+00  1.1996099E+02
 3.1346259E+00  1.1946278E+02
 3.1398373E+00  1.1958052E+02
 3.1450486E+00  1.1979620E+02
 3.1502600E+00  1.1951967E+02
 3.1554713E+00  1.1942819E+02
 3.1606827E+00  1.1941373E+02
 3.1658940E+00  1.1946050E+02
 3.1711054E+00  1.1961559E+02
 3.1763167E+00  1.1966589E+02
 3.1815281E+00  1.1980401E+02
 3.1867394E+00  1.1999089E+02
 3.1919508E+00  1.1994463E+02
 3.1971622E+00  1.1998262E+02
 3.2023735E+00  1.1985347E+02
 3.2075849E+00  1.1949112E+02
 3.2127962E+00  1.1949240E+02
 3.2180076E+00  1.2004491E+02
 3.2232189E+00  1.2008942E+02
 3.2284303E+00  1.2004515E+02
 3.2336416E+00  1.2054517E+02
 3.2388530E+00  1.2210422E+02
 3.2440643E+00  1.2724521E+02
 3.2492757E+00  1.3458554E+02
 3.2544870E+00  1.3656671E+02
 3.2596984E+00  1.3196574E+02
 3.2649097E+00  1.2616976E+02
 3.2701211E+00  1.2276968E+02
 3.2753325E+00  1.2109871E+02
 3.2805438E+00  1.2072608E+02
 3.2857552E+00  1.2064846E+02
 3.2909665E+00  1.2066844E+02
 3.2961779E+00  1.2110434E+02
 3.3013892E+00  1.2118980E+02
 3.3066006E+00  1.2174921E+02
 3.3118119E+00  1.2244585E+02
 3.3170233E+00  1.2296727E+02
 3.3222346E+00  1.2369852E+02
 3.3274460E+00  1.2455611E+02
 3.3326573E+00  1.2527593E+02
 3.3378687E+00  1.2594418E+02
 3.3430800E+00  1.2661275E+02
 3.3482914E+00  1.2770107E+02
 3.3535025E+00  1.2974315E+02
 3.3587139E+00  1.3298146E+02
 3.3639252E+00  1.3936981E+02
 3.3691366E+00  1.5321069E+02
 3.3743479E+00  1.8771429E+02
 3.3795593E+00  2.9002359E+02
 3.3847706E+00  6.2568646E+02
 3.3899820E+00  1.4687034E+03
 3.3951933E+00  2.4267812E+03
 3.4004047E+00  2.4943071E+03
 3.4056160E+00  1.7189475E+03
 3.4108274E+00  9.1964795E+02
 3.4160388E+00  4.6475064E+02
 3.4212501E+00  2.6709674E+02
 3.4264615E+00  1.8789836E+02
 3.4316728E+00  1.5537045E+02
 3.4368842E+00  1.4105191E+02
 3.4420955E+00  1.3391118E+02
 3.4473069E+00  1.2972952E+02
 3.4525182E+00  1.2695371E+02
 3.4577296E+00  1.2514482E+02
 3.4629409E+00  1.2409389E+02
 3.4681523E+00  1.2318600E+02
 3.4733636E+00  1.2225191E+02
 3.4785750E+00  1.2154740E+02
 3.4837863E+00  1.2096931E+02
 3.4889977E+00  1.2026022E+02
 3.4942091E+00  1.1944234E+02
 3.4994204E+00  1.1882116E+02
 3.5046318E+00  1.1870508E+02
 3.5098431E+00  1.1846221E+02
 3.5150545E+00  1.1822150E+02
 3.5202658E+00  1.1855716E+02
 3.5254772E+00  1.2037914E+02
 3.5306885E+00  1.2418094E+02
 3.5358999E+00  1.2677528E+02
 3.5411112E+00  1.2499688E+02
 3.5463226E+00  1.2085527E+02
 3.5515339E+00  1.1772939E+02
 3.5567453E+00  1.1603729E+02
 3.5619566E+00  1.1516356E+02
 3.5671680E+00  1.1481798E+02
 3.5723794E+00  1.1470191E+02
 3.5775907E+00  1.1442496E+02
 3.5828021E+00  1.1444025E+02
 3.5880134E+00  1.1459010E+02
 3.5932248E+00  1.1414676E+02
 3.5984359E+00  1.1356377E+02
 3.6036472E+00  1.1366739E+02
 3.6088586E+00  1.1370610E+02
 3.6140699E+00  1.1356934E+02
 3.6192813E+00  1.1349998E+02
 3.6244926E+00  1.1367180E+02
 3.6297040E+00  1.1372727E+02
 3.6349154E+00  1.1339216E+02
 3.6401267E+00  1.1279974E+02
 3.6453381E+00  1.1259864E+02
 3.6505494E+00  1.1309285E+02
 3.6557608E+00  1.1557312E+02
 3.6609721E+00  1.2172668E+02
 3.6661835E+00  1.3053169E+02
 3.6713948E+00  1.3340025E+02
 3.6766062E+00  1.2771503E+02
 3.6818175E+00  1.2016814E+02
 3.6870289E+00  1.1520724E+02
 3.6922402E+00  1.1318246E+02
 3.6974516E+00  1.1270096E+02
 3.7026629E+00  1.1219717E+02
 3.7078743E+00  1.1170962E+02
 3.7130857E+00  1.1183920E+02
 3.7182970E+00  1.1202445E+02
 3.7235084E+00  1.1186006E+02
 3.7287197E+00  1.1165314E+02
 3.7339311E+00  1.1210863E+02
 3.7391424E+00  1.1239912E+02
 3.7443538E+00  1.1259156E+02
 3.7495651E+00  1.1283665E+02
 3.7547765E+00  1.1272237E+02
 3.7599878E+00  1.1265598E+02
 3.7651992E+00  1.1260674E+02
 3.7704105E+00  1.1245906E+02
 3.7756219E+00  1.1263769E+02
 3.7808332E+00  1.1280566E+02
 3.7860446E+00  1.1312484E+02
 3.7912560E+00  1.1334669E+02
 3.7964673E+00  1.1373060E+02
 3.8016787E+00  1.1428616E+02
 3.8068900E+00  1.1475596E+02
 3.8121014E+00  1.1481055E+02
 3.8173127E+00  1.1494614E+02
 3.8225241E+00  1.1519299E+02
 3.8277354E+00  1.1538155E+02
 3.8329468E+00  1.1591999E+02
 3.8381581E+00  1.1614742E+02
 3.8433695E+00  1.1649284E+02
 3.8485806E+00  1.1675330E+02
 3.8537920E+00  1.1709567E+02
 3.8590033E+00  1.1743011E+02
 3.8642147E+00  1.1802839E+02
 3.8694260E+00  1.1861192E+02
 3.8746374E+00  1.1917784E+02
 3.8798487E+00  1.2003737E+02
 3.8850601E+00  1.2171223E+02
 3.8902714E+00  1.2545590E+02
 3.8954828E+00  1.3306482E+02
 3.9006941E+00  1.5307111E+02
 3.9059055E+00  2.1426538E+02
 3.9111168E+00  4.1311224E+02
 3.9163282E+00  8.7371771E+02
 3.9215395E+00  1.3469012E+03
 3.9267509E+00  1.3403235E+03
 3.9319623E+00  9.2383984E+02
 3.9371736E+00  5.1507904E+02
 3.9423850E+00  2.8588403E+02
 3.9475963E+00  1.8716185E+02
 3.9528077E+00  1.4722372E+02
 3.9580190E+00  1.3101135E+02
 3.9632304E+00  1.2401712E+02
 3.9684417E+00  1.2066721E+02
 3.9736531E+00  1.1888345E+02
 3.9788644E+00  1.1756912E+02
 3.9840758E+00  1.1660445E+02
 3.9892871E+00  1.1580711E+02
 3.9944985E+00  1.1521049E+02
 3.9997098E+00  1.1482146E+02
 4.0049210E+00  1.1437472E+02
 4.0101323E+00  1.1415537E+02
 4.0153437E+00  1.1409340E+02
 4.0205550E+00  1.1412814E+02
 4.0257664E+00  1.1421393E+02
 4.0309777E+00  1.1592326E+02
 4.0361891E+00  1.2088629E+02
 4.0414004E+00  1.2714151E+02
 4.0466118E+00  1.2842085E+02
 4.0518231E+00  1.2340578E+02
 4.0570345E+00  1.1798110E+02
 4.0622458E+00  1.1471141E+02
 4.0674572E+00  1.1312627E+02
 4.0726686E+00  1.1247132E+02
 4.0778799E+00  1.1207094E+02
 4.0830913E+00  1.1185558E+02
 4.0883026E+00  1.1159082E+02
 4.0935140E+00  1.1173409E+02
 4.0987253E+00  1.1177288E+02
 4.1039367E+00  1.1176604E+02
 4.1091480E+00  1.1174397E+02
 4.1143594E+00  1.1153198E+02
 4.1195707E+00  1.1123343E+02
 4.1247821E+00  1.1130038E+02
 4.1299934E+00  1.1157230E+02
 4.1352048E+00  1.1173839E+02
 4.1404161E+00  1.1189576E+02
 4.1456275E+00  1.1276453E+02
 4.1508389E+00  1.1572691E+02
 4.1560502E+00  1.2074837E+02
 4.1612616E+00  1.2403298E+02
 4.1664729E+00  1.2224284E+02
 4.1716843E+00  1.1808575E+02
 4.1768956E+00  1.1502720E+02
 4.1821070E+00  1.1360790E+02
 4.1873183E+00  1.1285935E+02
 4.1925297E+00  1.1239990E+02
 4.1977410E+00  1.1229297E+02
 4.2029524E+00  1.1231956E+02
 4.2081637E+00  1.1238686E+02
 4.2133751E+00  1.1252386E+02
 4.2185864E+00  1.1251111E+02
 4.2237978E+00  1.1247350E+02
 4.2290092E+00  1.1250433E+02
 4.2342205E+00  1.1282735E+02
 4.2394319E+00  1.1328305E+02
 4.2446432E+00  1.1341624E+02
 4.2498546E+00  1.1359472E+02
 4.2550659E+00  1.1381665E+02
 4.2602773E+00  1.1452713E+02
 4.2654886E+00  1.1620080E+02
 4.2707000E+00  1.1852165E+02
 4.2759113E+00  1.1990501E+02
 4.2811227E+00  1.1929691E+02
 4.2863340E+00  1.1794378E+02
 4.2915454E+00  1.1701308E+02
 4.2967567E+00  1.1683660E+02
 4.3019681E+00  1.1680136E+02
 4.3071795E+00  1.1725566E+02
 4.3123908E+00  1.1784781E+02
 4.3176022E+00  1.1870596E+02
 4.3228135E+00  1.1995607E+02
 4.3280249E+00  1.2111101E+02
 4.3332362E+00  1.2243141E+02
 4.3384476E+00  1.2423267E+02
 4.3436589E+00  1.2723751E+02
 4.3488703E+00  1.3186121E+02
 4.3540816E+00  1.4052188E+02
 4.3592930E+00  1.5973253E+02
 4.3645043E+00  2.1098021E+02
 4.3697157E+00  3.6888406E+02
 4.3749270E+00  8.7078339E+02
 4.3801384E+00  1.9637466E+03
 4.3853498E+00  3.0026118E+03
 4.3905611E+00  2.9189761E+03
 4.3957725E+00  1.9447241E+03
 4.4009838E+00  1.0176599E+03
 4.4061952E+00  5.0334091E+02
 4.4114065E+00  2.8058475E+02
 4.4166179E+00  1.9094997E+02
 4.4218292E+00  1.5449988E+02
 4.4270406E+00  1.3880530E+02
 4.4322519E+00  1.3080095E+02
 4.4374633E+00  1.2624162E+02
 4.4426746E+00  1.2366795E+02
 4.4478860E+00  1.2182151E+02
 4.4530973E+00  1.2016980E+02
 4.4583087E+00  1.1914117E+02
 4.4635201E+00  1.1846078E+02
 4.4687309E+00  1.1763102E+02
 4.4739423E+00  1.1701058E+02
 4.4791536E+00  1.1681844E+02
 4.4843650E+00  1.1902642E+02
 4.4895763E+00  1.2407709E+02
 4.4947877E+00  1.2731528E+02
 4.4999990E+00  1.2518806E+02
 4.5052104E+00  1.2015566E+02
 4.5104218E+00  1.1618664E+02
 4.5156331E+00  1.1379635E+02
 4.5208445E+00  1.1263430E+02
 4.5260558E+00  1.1218777E+02
 4.5312672E+00  1.1175151E+02
 4.5364785E+00  1.1125195E+02
 4.5416899E+00  1.1086958E+02
 4.5469012E+00  1.1069347E+02
 4.5521126E+00  1.1046210E+02
 4.5573239E+00  1.1011523E+02
 4.5625353E+00  1.0985091E+02
 4.5677466E+00  1.0981358E+02
 4.5729580E+00  1.0955782E+02
 4.5781693E+00  1.0922206E+02
 4.5833807E+00  1.0933769E+02
 4.5885921E+00  1.0989989E+02
 4.5938034E+00  1.1195340E+02
 4.5990148E+00  1.1420432E+02
 4.6042261E+00  1.1436778E+02
 4.6094375E+00  1.1265347E+02
 4.6146488E+00  1.1054266E+02
 4.6198602E+00  1.0931626E+02
 4.6250715E+00  1.0881331E+02
 4.6302829E+00  1.0874035E+02
 4.6354942E+00  1.0848968E+02
 4.6407056E+00  1.0827544E+02
 4.6459169E+00  1.0831965E+02
 4.6511283E+00  1.0830805E+02
 4.6563396E+00  1.0804059E+02
 4.6615510E+00  1.0803528E+02
 4.6667624E+00  1.0798763E+02
 4.6719737E+00  1.0792063E+02
 4.6771851E+00  1.0795325E+02
 4.6823964E+00  1.0808517E+02
 4.6876078E+00  1.0835479E+02
 4.6928191E+00  1.0867565E+02
 4.6980305E+00  1.0854216E+02
 4.7032418E+00  1.0831752E+02
 4.7084532E+00  1.0849583E+02
 4.7136645E+00  1.0901022E+02
 4.7188759E+00  1.0940974E+02
 4.7240872E+00  1.0932522E+02
 4.7292986E+00  1.0957288E+02
 4.7345099E+00  1.0990136E+02
 4.7397213E+00  1.1017603E+02
 4.7449327E+00  1.1070846E+02
 4.7501440E+00  1.1140488E+02
 4.7553554E+00  1.1213628E+02
 4.7605667E+00  1.1301611E+02
 4.7657781E+00  1.1514088E+02
 4.7709894E+00  1.1895063E+02
 4.7762008E+00  1.2620969E+02
 4.7814121E+00  1.4449370E+02
 4.7866235E+00  1.9831468E+02
 4.7918348E+00  3.7283334E+02
 4.7970462E+00  8.3238757E+02
 4.8022575E+00  1.4691885E+03
 4.8074689E+00  1.7059226E+03
 4.8126802E+00  1.3340323E+03
 4.8178916E+00  7.8428320E+02
 4.8231030E+00  4.1172116E+02
 4.8283143E+00  2.3587671E+02
 4.8335257E+00  1.6402594E+02
 4.8387370E+00  1.3488548E+02
 4.8439484E+00  1.2235121E+02
 4.8491597E+00  1.1647697E+02
 4.8543711E+00  1.1307267E+02
 4.8595824E+00  1.1099593E+02
 4.8647938E+00  1.0975210E+02
 4.8700051E+00  1.0902770E+02
 4.8752165E+00  1.0803727E+02
 4.8804278E+00  1.0760668E+02
 4.8856392E+00  1.0754438E+02
 4.8908505E+00  1.0756974E+02
 4.8960619E+00  1.0829292E+02
 4.9012733E+00  1.0886865E+02
 4.9064846E+00  1.0875861E+02
 4.9116960E+00  1.0750445E+02
 4.9169073E+00  1.0611411E+02
 4.9221187E+00  1.0497711E+02
 4.9273300E+00  1.0434923E+02
 4.9325414E+00  1.0422823E+02
 4.9377527E+00  1.0373319E+02
 4.9429641E+00  1.0347346E+02
 4.9481754E+00  1.0307856E+02
 4.9533868E+00  1.0299413E+02
 4.9585981E+00  1.0301975E+02
 4.9638090E+00  1.0285232E+02
 4.9690204E+00  1.0270323E+02
 4.9742317E+00  1.0244749E+02
 4.9794431E+00  1.0261505E+02
 4.9846544E+00  1.0328161E+02
 4.9898658E+00  1.0521239E+02
 4.9950771E+00  1.0910948E+02
 5.0002885E+00  1.1284207E+02
 5.0054998E+00  1.1274250E+02
 5.0107112E+00  1.0908594E+02
 5.0159225E+00  1.0518926E+02
 5.0211339E+00  1.0292696E+02
 5.0263453E+00  1.0178229E+02
 5.0315566E+00  1.0123385E+02
 5.0367680E+00  1.0112967E+02
 5.0419793E+00  1.0106293E+02
 5.0471907E+00  1.0111423E+02
 5.0524020E+00  1.0080114E+02
 5.0576134E+00  1.0034410E+02
 5.0628247E+00  1.0007930E+02
 5.0680361E+00  1.0000980E+02
 5.0732474E+00  1.0001994E+02
 5.0784588E+00  1.0031863E+02
 5.0836701E+00  1.0124041E+02
 5.0888815E+00  1.0279277E+02
 5.0940928E+00  1.0477046E+02
 5.0993042E+00  1.0508386E+02
 5.1045156E+00  1.0356745E+02
 5.1097269E+00  1.0174796E+02
 5.1149383E+00  1.0047335E+02
 5.1201496E+00  9.9825447E+01
 5.1253610E+00  9.9351761E+01
 5.1305723E+00  9.9320389E+01
 5.1357837E+00  9.9417191E+01
 5.1409950E+00  9.9399109E+01
 5.1462064E+00  9.9414604E+01
 5.1514177E+00  9.9088219E+01
 5.1566291E+00  9.8954117E+01
 5.1618404E+00  9.9105034E+01
 5.1670518E+00  9.8966774E+01
 5.1722631E+00  9.8918900E+01
 5.1774745E+00  9.8730011E+01
 5.1826859E+00  9.8774162E+01
 5.1878972E+00  9.8952171E+01
 5.1931086E+00  9.8780838E+01
 5.1983199E+00  9.8511124E+01
 5.2035313E+00  9.8578293E+01
 5.2087426E+00  9.8602127E+01
 5.2139540E+00  9.8692131E+01
 5.2191653E+00  9.8508842E+01
 5.2243767E+00  9.8460655E+01
 5.2295880E+00  9.8495689E+01
 5.2347994E+00  9.8712570E+01
 5.2400107E+00  9.8680183E+01
 5.2452221E+00  9.8449753E+01
 5.2504334E+00  9.8197731E+01
 5.2556448E+00  9.8354370E+01
 5.2608562E+00  9.8465347E+01
 5.2660675E+00  9.9046394E+01
 5.2712789E+00  1.0071084E+02
 5.2764902E+00  1.0374673E+02
 5.2817016E+00  1.0653861E+02
 5.2869129E+00  1.0656017E+02
 5.2921243E+00  1.0374190E+02
 5.2973356E+00  1.0112089E+02
 5.3025470E+00  9.9685799E+01
 5.3077583E+00  9.9161880E+01
 5.3129697E+00  9.8679314E+01
 5.3181810E+00  9.8698944E+01
 5.3233924E+00  9.8739647E+01
 5.3286037E+00  9.8685173E+01
 5.3338151E+00  9.8577866E+01
 5.3390265E+00  9.8723526E+01
 5.3442378E+00  9.8713989E+01
 5.3494492E+00  9.8610374E+01
 5.3546605E+00  9.8806274E+01
 5.3598719E+00  9.9116112E+01
 5.3650832E+00  9.9999588E+01
 5.3702946E+00  1.0111118E+02
 5.3755059E+00  1.0150993E+02
 5.3807173E+00  1.0063035E+02
 5.3859286E+00  9.9845436E+01
 5.3911400E+00  9.9189835E+01
 5.3963513E+00  9.8822327E+01
 5.4015627E+00  9.8957275E+01
 5.4067740E+00  9.9181145E+01
 5.4119854E+00  9.9344299E+01
 5.4171968E+00  9.9528976E+01
 5.4224081E+00  9.9453781E+01
 5.4276195E+00  9.9494377E+01
 5.4328308E+00  9.9805214E+01
 5.4380422E+00  9.9942657E+01
 5.4432535E+00  9.9741379E+01
 5.4484649E+00  9.9595856E+01
 5.4536762E+00  9.9886063E+01
 5.4588871E+00  1.0036848E+02
 5.4640985E+00  1.0038514E+02
 5.4693098E+00  1.0039166E+02
 5.4745212E+00  1.0045877E+02
 5.4797325E+00  1.0053063E+02
 5.4849439E+00  1.0082700E+02
 5.4901552E+00  1.0118261E+02
 5.4953666E+00  1.0152769E+02
 5.5005779E+00  1.0188534E+02
 5.5057893E+00  1.0257095E+02
 5.5110006E+00  1.0362633E+02
 5.5162120E+00  1.0547750E+02
 5.5214233E+00  1.0902969E+02
 5.5266347E+00  1.1832426E+02
 5.5318460E+00  1.4638408E+02
 5.5370574E+00  2.3563536E+02
 5.5422688E+00  4.3959918E+02
 5.5474801E+00  6.7355640E+02
 5.5526915E+00  7.2224023E+02
 5.5579028E+00  5.5388763E+02
 5.5631142E+00  3.4384500E+02
 5.5683255E+00  2.0921417E+02
 5.5735369E+00  1.4654900E+02
 5.5787482E+00  1.2157923E+02
 5.5839596E+00  1.1162911E+02
 5.5891709E+00  1.0727847E+02
 5.5943823E+00  1.0518024E+02
 5.5995936E+00  1.0421063E+02
 5.6048050E+00  1.0357030E+02
 5.6100163E+00  1.0305367E+02
 5.6152277E+00  1.0278848E+02
 5.6204391E+00  1.0304851E+02
 5.6256504E+00  1.0396786E+02
 5.6308618E+00  1.0599558E+02
 5.6360731E+00  1.0772379E+02
 5.6412845E+00  1.0707333E+02
 5.6464958E+00  1.0515691E+02
 5.6517072E+00  1.0354524E+02
 5.6569185E+00  1.0272073E+02
 5.6621299E+00  1.0240963E+02
 5.6673412E+00  1.0237823E+02
 5.6725526E+00  1.0220419E+02
 5.6777639E+00  1.0191552E+02
 5.6829753E+00  1.0186635E+02
 5.6881866E+00  1.0196088E+02
 5.6933980E+00  1.0212645E+02
 5.6986094E+00  1.0209089E+02
 5.7038207E+00  1.0238178E+02
 5.7090321E+00  1.0353629E+02
 5.7142434E+00  1.0548057E+02
 5.7194548E+00  1.0769890E+02
 5.7246661E+00  1.0786558E+02
 5.7298775E+00  1.0620116E+02
 5.7350888E+00  1.0462919E+02
 5.7403002E+00  1.0349450E+02
 5.7455115E+00  1.0322469E+02
 5.7507229E+00  1.0341281E+02
 5.7559342E+00  1.0375299E+02
 5.7611456E+00  1.0362466E+02
 5.7663569E+00  1.0387609E+02
 5.7715683E+00  1.0414922E+02
 5.7767797E+00  1.0445976E+02
 5.7819910E+00  1.0498296E+02
 5.7872024E+00  1.0571518E+02
 5.7924137E+00  1.0661523E+02
 5.7976251E+00  1.0829269E+02
 5.8028364E+00  1.1008294E+02
 5.8080478E+00  1.1032575E+02
 5.8132591E+00  1.0943759E+02
 5.8184705E+00  1.0860686E+02
 5.8236818E+00  1.0832829E+02
 5.8288932E+00  1.0852466E+02
 5.8341045E+00  1.0936438E+02
 5.8393159E+00  1.1079383E+02
 5.8445272E+00  1.1279000E+02
 5.8497386E+00  1.1598534E+02
 5.8549500E+00  1.2217364E+02
 5.8601613E+00  1.3637125E+02
 5.8653727E+00  1.7555116E+02
 5.8705840E+00  2.9921671E+02
 5.8757954E+00  6.6285748E+02
 5.8810067E+00  1.3346492E+03
 5.8862181E+00  1.8876046E+03
 5.8914294E+00  1.7925471E+03
 5.8966408E+00  1.2134027E+03
 5.9018521E+00  6.6175031E+02
 5.9070635E+00  3.4751517E+02
 5.9122748E+00  2.0917542E+02
 5.9174862E+00  1.5347137E+02
 5.9226975E+00  1.3078535E+02
 5.9279089E+00  1.2039740E+02
 5.9331203E+00  1.1539421E+02
 5.9383316E+00  1.1269089E+02
 5.9435430E+00  1.1085412E+02
 5.9487543E+00  1.0987395E+02
 5.9539652E+00  1.0921179E+02
 5.9591765E+00  1.0906088E+02
 5.9643879E+00  1.0903761E+02
 5.9695992E+00  1.0869447E+02
 5.9748106E+00  1.0794824E+02
 5.9800220E+00  1.0745944E+02
 5.9852333E+00  1.0697894E+02
 5.9904447E+00  1.0673538E+02
 5.9956560E+00  1.0627946E+02
 6.0008674E+00  1.0575606E+02
 6.0060787E+00  1.0526463E+02
 6.0112901E+00  1.0501747E+02
 6.0165014E+00  1.0485508E+02
 6.0217128E+00  1.0460841E+02
 6.0269241E+00  1.0435276E+02
 6.0321355E+00  1.0466258E+02
 6.0373468E+00  1.0585802E+02
 6.0425582E+00  1.0746849E+02
 6.0477695E+00  1.0844230E+02
 6.0529809E+00  1.0812523E+02
 6.0581923E+00  1.0669243E+02
 6.0634036E+00  1.0532496E+02
 6.0686150E+00  1.0453049E+02
 6.0738263E+00  1.0449873E+02
 6.0790377E+00  1.0461977E+02
 6.0842490E+00  1.0480093E+02
 6.0894604E+00  1.0464722E+02
 6.0946717E+00  1.0478581E+02
 6.0998831E+00  1.0464069E+02
 6.1050944E+00  1.0479630E+02
 6.1103058E+00  1.0492938E+02
 6.1155171E+00  1.0507395E+02
 6.1207285E+00  1.0528561E+02
 6.1259398E+00  1.0527006E+02
 6.1311512E+00  1.0548900E+02
 6.1363626E+00  1.0573403E+02
 6.1415739E+00  1.0598805E+02
 6.1467853E+00  1.0650435E+02
 6.1519966E+00  1.0712915E+02
 6.1572080E+00  1.0816248E+02
 6.1624193E+00  1.0981690E+02
 6.1676307E+00  1.1214883E+02
 6.1728420E+00  1.1603902E+02
 6.1780534E+00  1.2437839E+02
 6.1832647E+00  1.4732693E+02
 6.1884761E+00  2.2016113E+02
 6.1936874E+00  4.4070703E+02
 6.1988988E+00  8.8633136E+02
 6.2041101E+00  1.3205386E+03
 6.2093215E+00  1.3466819E+03
 6.2145329E+00  9.7952509E+02
 6.2197442E+00  5.6607745E+02
 6.2249556E+00  3.0979950E+02
 6.2301669E+00  1.9179564E+02
 6.2353783E+00  1.4363879E+02
 6.2405896E+00  1.2406205E+02
 6.2458010E+00  1.1566348E+02
 6.2510123E+00  1.1159911E+02
 6.2562237E+00  1.0935033E+02
 6.2614350E+00  1.0818834E+02
 6.2666464E+00  1.0763122E+02
 6.2718577E+00  1.0812063E+02
 6.2770691E+00  1.0943211E+02
 6.2822804E+00  1.1049532E+02
 6.2874918E+00  1.0972980E+02
 6.2927032E+00  1.0759502E+02
 6.2979145E+00  1.0585133E+02
 6.3031259E+00  1.0450274E+02
 6.3083372E+00  1.0404995E+02
 6.3135486E+00  1.0370647E+02
 6.3187599E+00  1.0357172E+02
 6.3239713E+00  1.0364847E+02
 6.3291826E+00  1.0361464E+02
 6.3343940E+00  1.0357648E+02
 6.3396053E+00  1.0351366E+02
 6.3448167E+00  1.0329590E+02
 6.3500280E+00  1.0348854E+02
 6.3552394E+00  1.0426129E+02
 6.3604507E+00  1.0467529E+02
 6.3656621E+00  1.0439614E+02
 6.3708735E+00  1.0354737E+02
 6.3760848E+00  1.0296927E+02
 6.3812962E+00  1.0279874E+02
 6.3865075E+00  1.0268379E+02
 6.3917189E+00  1.0249294E+02
 6.3969302E+00  1.0214133E+02
 6.4021416E+00  1.0201274E+02
 6.4073529E+00  1.0196079E+02
 6.4125643E+00  1.0213562E+02
 6.4177756E+00  1.0256725E+02
 6.4229870E+00  1.0288292E+02
 6.4281983E+00  1.0303107E+02
 6.4334097E+00  1.0314338E+02
 6.4386210E+00  1.0328051E+02
 6.4438324E+00  1.0335298E+02
 6.4490433E+00  1.0331313E+02
 6.4542546E+00  1.0324053E+02
 6.4594660E+00  1.0382555E+02
 6.4646773E+00  1.0448935E+02
 6.4698887E+00  1.0563759E+02
 6.4751000E+00  1.0771974E+02
 6.4803114E+00  1.1259562E+02
 6.4855227E+00  1.2508487E+02
 6.4907341E+00  1.6363591E+02
 6.4959455E+00  2.8271100E+02
 6.5011568E+00  5.4357727E+02
 6.5063682E+00  8.4199658E+02
 6.5115795E+00  9.2170477E+02
 6.5167909E+00  7.2347498E+02
 6.5220022E+00  4.4975040E+02
 6.5272136E+00  2.6116089E+02
 6.5324249E+00  1.6898164E+02
 6.5376363E+00  1.3093073E+02
 6.5428476E+00  1.1581713E+02
 6.5480590E+00  1.0926552E+02
 6.5532703E+00  1.0619466E+02
 6.5584817E+00  1.0460873E+02
 6.5636930E+00  1.0360921E+02
 6.5689044E+00  1.0320863E+02
 6.5741158E+00  1.0390562E+02
 6.5793271E+00  1.0480402E+02
 6.5845385E+00  1.0496249E+02
 6.5897498E+00  1.0397573E+02
 6.5949612E+00  1.0266550E+02
 6.6001725E+00  1.0135176E+02
 6.6053839E+00  1.0053143E+02
 6.6105952E+00  9.9828476E+01
 6.6158066E+00  9.9371414E+01
 6.6210179E+00  9.9156013E+01
 6.6262293E+00  9.9113396E+01
 6.6314406E+00  9.9093704E+01
 6.6366520E+00  9.9092514E+01
 6.6418633E+00  9.9339531E+01
 6.6470747E+00  1.0004351E+02
 6.6522861E+00  1.0072575E+02
 6.6574974E+00  1.0087853E+02
 6.6627088E+00  1.0020682E+02
 6.6679201E+00  9.9489090E+01
 6.6731315E+00  9.8721146E+01
 6.6783428E+00  9.8422661E+01
 6.6835542E+00  9.8323906E+01
 6.6887655E+00  9.8325905E+01
 6.6939769E+00  9.8269051E+01
 6.6991882E+00  9.7926308E+01
 6.7043996E+00  9.7676918E+01
 6.7096109E+00  9.7779991E+01
 6.7148223E+00  9.7825928E+01
 6.7200336E+00  9.7847527E+01
 6.7252450E+00  9.7777481E+01
 6.7304564E+00  9.7768745E+01
 6.7356677E+00  9.7858734E+01
 6.7408791E+00  9.7921631E+01
 6.7460904E+00  9.8039131E+01
 6.7513018E+00  9.8134705E+01
 6.7565131E+00  9.8106552E+01
 6.7617245E+00  9.8497192E+01
 6.7669358E+00  9.8773529E+01
 6.7721472E+00  9.9931000E+01
 6.7773585E+00  1.0343254E+02
 6.7825699E+00  1.1430866E+02
 6.7877812E+00  1.4389595E+02
 6.7929926E+00  1.9448000E+02
 6.7982039E+00  2.3417123E+02
 6.8034153E+00  2.2786382E+02
 6.8086267E+00  1.8502953E+02
 6.8138380E+00  1.4217525E+02
 6.8190494E+00  1.1707185E+02
 6.8242607E+00  1.0588583E+02
 6.8294721E+00  1.0126089E+02
 6.8346834E+00  9.9538414E+01
 6.8398948E+00  9.8727234E+01
 6.8451061E+00  9.8287361E+01
 6.8503175E+00  9.8006340E+01
 6.8555288E+00  9.8062119E+01
 6.8607402E+00  9.8559784E+01
 6.8659515E+00  9.9332283E+01
 6.8711629E+00  9.9557190E+01
 6.8763742E+00  9.9159981E+01
 6.8815856E+00  9.8332428E+01
 6.8867970E+00  9.7676384E+01
 6.8920083E+00  9.7258217E+01
 6.8972197E+00  9.7102333E+01
 6.9024310E+00  9.7222931E+01
 6.9076424E+00  9.7318329E+01
 6.9128537E+00  9.7275986E+01
 6.9180651E+00  9.7139435E+01
 6.9232764E+00  9.7234222E+01
 6.9284878E+00  9.8223297E+01
 6.9336991E+00  9.9439880E+01
 6.9389105E+00  1.0045995E+02
 6.9441218E+00  1.0020848E+02
 6.9493327E+00  9.9208298E+01
 6.9545441E+00  9.8006996E+01
 6.9597554E+00  9.7558418E+01
 6.9649668E+00  9.7283134E+01
 6.9701781E+00  9.7308556E+01
 6.9753895E+00  9.7394852E+01
 6.9806008E+00  9.7695442E+01
 6.9858122E+00  9.7895691E+01
 6.9910235E+00  9.8063950E+01
 6.9962349E+00  9.8479126E+01
 7.0014462E+00  9.9318954E+01
 7.0066576E+00  1.0002660E+02
 7.0118690E+00  1.0027901E+02
 7.0170803E+00  1.0005498E+02
 7.0222917E+00  9.9658180E+01
 7.0275030E+00  9.9564415E+01
 7.0327144E+00  9.9923119E+01
 7.0379257E+00  1.0076316E+02
 7.0431371E+00  1.0232092E+02
 7.0483484E+00  1.0548997E+02
 7.0535598E+00  1.1419231E+02
 7.0587711E+00  1.4121640E+02
 7.0639825E+00  2.2254086E+02
 7.0691938E+00  3.8817294E+02
 7.0744052E+00  5.6334949E+02
 7.0796165E+00  6.0104193E+02
 7.0848279E+00  4.7712418E+02
 7.0900393E+00  3.1069797E+02
 7.0952506E+00  1.9592389E+02
 7.1004620E+00  1.3991647E+02
 7.1056733E+00  1.1692944E+02
 7.1108847E+00  1.0751613E+02
 7.1160960E+00  1.0347056E+02
 7.1213074E+00  1.0162006E+02
 7.1265187E+00  1.0076867E+02
 7.1317301E+00  1.0047350E+02
 7.1369414E+00  1.0073390E+02
 7.1421528E+00  1.0110481E+02
 7.1473641E+00  1.0115888E+02
 7.1525755E+00  1.0075677E+02
 7.1577868E+00  1.0006559E+02
 7.1629982E+00  9.9512794E+01
 7.1682096E+00  9.9136353E+01
 7.1734209E+00  9.9143860E+01
 7.1786323E+00  9.9098557E+01
 7.1838436E+00  9.8683823E+01
 7.1890550E+00  9.8604500E+01
 7.1942663E+00  9.8868454E+01
 7.1994777E+00  9.9562073E+01
 7.2046890E+00  1.0037422E+02
 7.2099004E+00  1.0123718E+02
 7.2151117E+00  1.0132076E+02
 7.2203231E+00  1.0056496E+02
 7.2255344E+00  9.9729866E+01
 7.2307458E+00  9.9226067E+01
 7.2359571E+00  9.8951355E+01
 7.2411685E+00  9.8999840E+01
 7.2463799E+00  9.9207016E+01
 7.2515912E+00  9.9464470E+01
 7.2568026E+00  9.9653389E+01
 7.2620139E+00  9.9663292E+01
 7.2672253E+00  9.9820633E+01
 7.2724366E+00  1.0026457E+02
 7.2776480E+00  1.0047501E+02
 7.2828593E+00  1.0105520E+02
 7.2880707E+00  1.0152764E+02
 7.2932820E+00  1.0214188E+02
 7.2984934E+00  1.0287717E+02
 7.3037047E+00  1.0419085E+02
 7.3089161E+00  1.0646503E+02
 7.3141274E+00  1.1131940E+02
 7.3193388E+00  1.2399493E+02
 7.3245502E+00  1.6256572E+02
 7.3297615E+00  2.8372214E+02
 7.3349729E+00  5.6761298E+02
 7.3401842E+00  9.4542889E+02
 7.3453956E+00  1.1397202E+03
 7.3506069E+00  9.8474933E+02
 7.3558183E+00  6.4549902E+02
 7.3610296E+00  3.6482870E+02
 7.3662410E+00  2.1347821E+02
 7.3714523E+00  1.4817072E+02
 7.3766637E+00  1.2199300E+02
 7.3818750E+00  1.1116292E+02
 7.3870864E+00  1.0606708E+02
 7.3922977E+00  1.0350846E+02
 7.3975091E+00  1.0235983E+02
 7.4027205E+00  1.0180625E+02
 7.4079318E+00  1.0145483E+02
 7.4131432E+00  1.0083483E+02
 7.4183545E+00  1.0011065E+02
 7.4235659E+00  9.9488388E+01
 7.4287772E+00  9.8773544E+01
 7.4339886E+00  9.8255623E+01
 7.4391999E+00  9.7707764E+01
 7.4444108E+00  9.7354965E+01
 7.4496222E+00  9.7191742E+01
 7.4548335E+00  9.7211754E+01
 7.4600449E+00  9.7369080E+01
 7.4652562E+00  9.7425430E+01
 7.4704676E+00  9.7542252E+01
 7.4756789E+00  9.7515991E+01
 7.4808903E+00  9.7073006E+01
 7.4861016E+00  9.6525711E+01
 7.4913130E+00  9.6136223E+01
 7.4965243E+00  9.5927734E+01
 7.5017357E+00  9.5907913E+01
 7.5069470E+00  9.5542709E+01
 7.5121584E+00  9.5289734E+01
 7.5173697E+00  9.5114449E+01
 7.5225811E+00  9.5234711E+01
 7.5277925E+00  9.5577087E+01
 7.5330038E+00  9.6235306E+01
 7.5382152E+00  9.6659042E+01
 7.5434265E+00  9.6348885E+01
 7.5486379E+00  9.5590836E+01
 7.5538492E+00  9.4824425E+01
 7.5590606E+00  9.4582916E+01
 7.5642719E+00  9.4526772E+01
 7.5694833E+00  9.4591072E+01
 7.5746946E+00  9.4437325E+01
 7.5799060E+00  9.4390106E+01
 7.5851173E+00  9.4161125E+01
 7.5903287E+00  9.4041931E+01
 7.5955400E+00  9.4053856E+01
 7.6007514E+00  9.3883850E+01
 7.6059628E+00  9.3982628E+01
 7.6111741E+00  9.3792747E+01
 7.6163855E+00  9.3573334E+01
 7.6215968E+00  9.3351135E+01
 7.6268082E+00  9.3049728E+01
 7.6320195E+00  9.3103706E+01
 7.6372309E+00  9.3323288E+01
 7.6424422E+00  9.3530235E+01
 7.6476536E+00  9.3697029E+01
 7.6528649E+00  9.3797829E+01
 7.6580763E+00  9.4072136E+01
 7.6632876E+00  9.4440353E+01
 7.6684990E+00  9.4302132E+01
 7.6737103E+00  9.3754776E+01
 7.6789217E+00  9.3258095E+01
 7.6841331E+00  9.3010841E+01
 7.6893444E+00  9.2863235E+01
 7.6945558E+00  9.2617805E+01
 7.6997671E+00  9.2637367E+01
 7.7049785E+00  9.2860130E+01
 7.7101898E+00  9.3119736E+01
 7.7154012E+00  9.3254868E+01
 7.7206125E+00  9.3920891E+01
 7.7258239E+00  9.4630249E+01
 7.7310352E+00  9.4762398E+01
 7.7362466E+00  9.4351204E+01
 7.7414579E+00  9.3686493E+01
 7.7466693E+00  9.3089989E+01
 7.7518806E+00  9.2760750E+01
 7.7570920E+00  9.2663078E+01
 7.7623034E+00  9.2733482E+01
 7.7675147E+00  9.3087830E+01
 7.7727261E+00  9.3154007E+01
 7.7779374E+00  9.2949341E+01
 7.7831488E+00  9.2832718E+01
 7.7883601E+00  9.2782448E+01
 7.7935715E+00  9.2931442E+01
 7.7987828E+00  9.3115036E+01
 7.8039942E+00  9.3385582E+01
 7.8092055E+00  9.3575043E+01
 7.8144169E+00  9.3919495E+01
 7.8196282E+00  9.4364494E+01
 7.8248396E+00  9.5675896E+01
 7.8300509E+00  9.9419342E+01
 7.8352623E+00  1.1094962E+02
 7.8404737E+00  1.4276089E+02
 7.8456850E+00  1.9857260E+02
 7.8508964E+00  2.4810680E+02
 7.8561077E+00  2.5075842E+02
 7.8613191E+00  2.0781281E+02
 7.8665304E+00  1.5619089E+02
 7.8717418E+00  1.2172926E+02
 7.8769531E+00  1.0499306E+02
 7.8821645E+00  9.8160149E+01
 7.8873758E+00  9.5554695E+01
 7.8925872E+00  9.4532127E+01
 7.8977985E+00  9.4221077E+01
 7.9030099E+00  9.4403633E+01
 7.9082212E+00  9.4857651E+01
 7.9134326E+00  9.5301186E+01
 7.9186440E+00  9.5185509E+01
 7.9238553E+00  9.4425903E+01
 7.9290667E+00  9.3859489E+01
 7.9342780E+00  9.3540016E+01
 7.9394889E+00  9.3289261E+01
 7.9447002E+00  9.3263161E+01
 7.9499116E+00  9.3163979E+01
 7.9551229E+00  9.3190186E+01
 7.9603343E+00  9.3403702E+01
 7.9655457E+00  9.4006348E+01
 7.9707570E+00  9.4458954E+01
 7.9759684E+00  9.4691124E+01
 7.9811797E+00  9.4379089E+01
 7.9863911E+00  9.3842667E+01
 7.9916024E+00  9.3599380E+01
 7.9968138E+00  9.3643341E+01
 8.0020256E+00  9.3801414E+01
 8.0072365E+00  9.3885201E+01
 8.0124483E+00  9.4119896E+01
 8.0176592E+00  9.4448517E+01
 8.0228710E+00  9.4612793E+01
 8.0280819E+00  9.4802574E+01
 8.0332937E+00  9.5109253E+01
 8.0385046E+00  9.5504868E+01
 8.0437164E+00  9.5934929E+01
 8.0489273E+00  9.6532516E+01
 8.0541391E+00  9.7773392E+01
 8.0593500E+00  9.9576683E+01
 8.0645618E+00  1.0353906E+02
 8.0697727E+00  1.1360149E+02
 8.0749846E+00  1.4467415E+02
 8.0801954E+00  2.3942380E+02
 8.0854073E+00  4.4568414E+02
 8.0906181E+00  7.0265790E+02
 8.0958300E+00  8.2954382E+02
 8.1010408E+00  7.2256982E+02
 8.1062527E+00  4.9025836E+02
 8.1114635E+00  2.9152380E+02
 8.1166754E+00  1.8026360E+02
 8.1218863E+00  1.3118730E+02
 8.1270981E+00  1.1150145E+02
 8.1323090E+00  1.0344492E+02
 8.1375208E+00  9.9653107E+01
 8.1427317E+00  9.7890282E+01
 8.1479435E+00  9.7172653E+01
 8.1531544E+00  9.6793266E+01
 8.1583662E+00  9.6582001E+01
 8.1635771E+00  9.5826958E+01
 8.1687889E+00  9.4992218E+01
 8.1739998E+00  9.4527657E+01
 8.1792116E+00  9.4331123E+01
 8.1844225E+00  9.4079147E+01
 8.1896334E+00  9.3906120E+01
 8.1948452E+00  9.3769089E+01
 8.2000561E+00  9.3591705E+01
 8.2052679E+00  9.3654320E+01
 8.2104788E+00  9.3617828E+01
 8.2156906E+00  9.3647873E+01
 8.2209015E+00  9.3419548E+01
 8.2261133E+00  9.3310364E+01
 8.2313242E+00  9.3353767E+01
 8.2365360E+00  9.3159447E+01
 8.2417469E+00  9.2653442E+01
 8.2469587E+00  9.2515388E+01
 8.2521696E+00  9.2948357E+01
 8.2573814E+00  9.3202042E+01
 8.2625923E+00  9.3213753E+01
 8.2678041E+00  9.3446571E+01
 8.2730150E+00  9.3632332E+01
 8.2782269E+00  9.3768875E+01
 8.2834377E+00  9.4162529E+01
 8.2886496E+00  9.4649139E+01
 8.2938604E+00  9.5793350E+01
 8.2990723E+00  9.8307549E+01
 8.3042831E+00  1.0525858E+02
 8.3094950E+00  1.2653075E+02
 8.3147058E+00  1.9205574E+02
 8.3199177E+00  3.4077322E+02
 8.3251286E+00  5.3918286E+02
 8.3303404E+00  6.5722595E+02
 8.3355513E+00  6.0145172E+02
 8.3407631E+00  4.2855298E+02
 8.3459740E+00  2.6465244E+02
 8.3511858E+00  1.6785292E+02
 8.3563967E+00  1.2407189E+02
 8.3616085E+00  1.0630627E+02
 8.3668194E+00  9.8830231E+01
 8.3720312E+00  9.5530136E+01
 8.3772421E+00  9.4155144E+01
 8.3824539E+00  9.3223862E+01
 8.3876648E+00  9.2792374E+01
 8.3928766E+00  9.2296211E+01
 8.3980875E+00  9.1504105E+01
 8.4032993E+00  9.0978409E+01
 8.4085102E+00  9.0602699E+01
 8.4137220E+00  9.0540215E+01
 8.4189329E+00  9.0490913E+01
 8.4241447E+00  9.0225906E+01
 8.4293556E+00  9.0309647E+01
 8.4345675E+00  9.0545341E+01
 8.4397783E+00  9.1054581E+01
 8.4449902E+00  9.1143372E+01
 8.4502010E+00  9.0968521E+01
 8.4554129E+00  9.0456039E+01
 8.4606237E+00  8.9873512E+01
 8.4658356E+00  8.9357780E+01
 8.4710464E+00  8.9258766E+01
 8.4762583E+00  8.9270531E+01
 8.4814692E+00  8.9169342E+01
 8.4866810E+00  8.9217575E+01
 8.4918919E+00  8.9338020E+01
 8.4971037E+00  8.9692604E+01
 8.5023146E+00  8.9793892E+01
 8.5075264E+00  8.9727859E+01
 8.5127373E+00  8.9651482E+01
 8.5179491E+00  8.9600571E+01
 8.5231600E+00  9.0123184E+01
 8.5283718E+00  9.1235565E+01
 8.5335827E+00  9.4130432E+01
 8.5387945E+00  1.0318172E+02
 8.5440054E+00  1.3090331E+02
 8.5492172E+00  1.9012877E+02
 8.5544281E+00  2.6363165E+02
 8.5596399E+00  3.0198053E+02
 8.5648508E+00  2.7580307E+02
 8.5700626E+00  2.0997609E+02
 8.5752735E+00  1.4986052E+02
 8.5804853E+00  1.1519070E+02
 8.5856962E+00  9.9568954E+01
 8.5909081E+00  9.3157883E+01
 8.5961189E+00  9.0760071E+01
 8.6013308E+00  8.9814255E+01
 8.6065416E+00  8.9619751E+01
 8.6117535E+00  8.9575912E+01
 8.6169643E+00  8.9459747E+01
 8.6221762E+00  8.8968765E+01
 8.6273870E+00  8.8334602E+01
 8.6325989E+00  8.7906898E+01
 8.6378098E+00  8.7602715E+01
 8.6430216E+00  8.7239586E+01
 8.6482325E+00  8.7140778E+01
 8.6534443E+00  8.6999634E+01
 8.6586552E+00  8.7095535E+01
 8.6638670E+00  8.7254051E+01
 8.6690779E+00  8.7288200E+01
 8.6742897E+00  8.7215668E+01
 8.6795006E+00  8.7326599E+01
 8.6847115E+00  8.7218025E+01
 8.6899233E+00  8.6981384E+01
 8.6951342E+00  8.6646889E+01
 8.7003460E+00  8.6365631E+01
 8.7055569E+00  8.6526749E+01
 8.7107687E+00  8.6788994E+01
 8.7159796E+00  8.6703781E+01
 8.7211914E+00  8.6429230E+01
 8.7264023E+00  8.6449837E+01
 8.7316141E+00  8.6590530E+01
 8.7368250E+00  8.6783218E+01
 8.7420368E+00  8.7129074E+01
 8.7472477E+00  8.7938766E+01
 8.7524595E+00  8.9673935E+01
 8.7576704E+00  9.4496880E+01
 8.7628822E+00  1.1029819E+02
 8.7680931E+00  1.5472626E+02
 8.7733049E+00  2.3830769E+02
 8.7785158E+00  3.2609052E+02
 8.7837276E+00  3.5630591E+02
 8.7889385E+00  3.0659659E+02
 8.7941504E+00  2.2022691E+02
 8.7993612E+00  1.5035657E+02
 8.8045731E+00  1.1213436E+02
 8.8097839E+00  9.5268227E+01
 8.8149958E+00  8.8026688E+01
 8.8202066E+00  8.4883690E+01
 8.8254185E+00  8.3349129E+01
 8.8306293E+00  8.2315659E+01
 8.8358412E+00  8.1685730E+01
 8.8410521E+00  8.0935600E+01
 8.8462639E+00  7.9998390E+01
 8.8514748E+00  7.8970474E+01
 8.8566866E+00  7.8028679E+01
 8.8618975E+00  7.7085258E+01
 8.8671093E+00  7.6195534E+01
 8.8723202E+00  7.5497116E+01
 8.8775320E+00  7.4782852E+01
 8.8827429E+00  7.4079559E+01
 8.8879547E+00  7.3336830E+01
 8.8931656E+00  7.2688950E+01
 8.8983774E+00  7.2012810E+01
 8.9035883E+00  7.1172531E+01
 8.9088001E+00  7.0286865E+01
 8.9140110E+00  6.9591690E+01
 8.9192228E+00  6.9048187E+01
 8.9244337E+00  6.8692810E+01
 8.9296455E+00  6.8377220E+01
 8.9348564E+00  6.8170380E+01
 8.9400682E+00  6.8048096E+01
 8.9452791E+00  6.8035721E+01
 8.9504910E+00  6.8028030E+01
 8.9557018E+00  6.8060623E+01
 8.9609137E+00  6.8556969E+01
 8.9661245E+00  6.9876335E+01
 8.9713364E+00  7.3226097E+01
 8.9765472E+00  8.3231216E+01
 8.9817591E+00  1.1553696E+02
 8.9869699E+00  1.9903664E+02
 8.9921818E+00  3.3437051E+02
 8.9973927E+00  4.5224500E+02
 9.0026045E+00  4.6750754E+02
 9.0078154E+00  3.7262189E+02
 9.0130272E+00  2.4492255E+02
 9.0182381E+00  1.4742337E+02
 9.0234499E+00  9.1637154E+01
 9.0286608E+00  6.8412445E+01
 9.0338726E+00  5.8198383E+01
 9.0390835E+00  5.2686638E+01
 9.0442953E+00  4.8931381E+01
 9.0495062E+00  4.6000355E+01
 9.0547180E+00  4.3430981E+01
 9.0599289E+00  4.1212299E+01
 9.0651407E+00  3.8852226E+01
 9.0703516E+00  3.6409195E+01
 9.0755634E+00  3.4115799E+01
 9.0807743E+00  3.1545242E+01
 9.0859861E+00  2.8753897E+01
 9.0911970E+00  2.5456671E+01
 9.0964088E+00  2.1665392E+01
 9.1016197E+00  1.6450785E+01
 9.1068316E+00  6.7413774E+00
 9.1120424E+00  5.5109090E-01
 9.1172543E+00  1.4817760E-04
 9.1224651E+00  0.0000000E+00
 9.1276770E+00  0.0000000E+00
 9.1328878E+00  0.0000000E+00
 9.1380997E+00  0.0000000E+00
 9.1433105E+00  0.0000000E+00
 9.1485224E+00  0.0000000E+00
 9.1537333E+00  0.0000000E+00
 9.1589451E+00  0.0000000E+00
 9.1641560E+00  0.0000000E+00
 9.1693678E+00  0.0000000E+00
 9.1745787E+00  0.0000000E+00
 9.1797895E+00  0.0000000E+00
 9.1850014E+00  0.0000000E+00
 9.1902122E+00  0.0000000E+00
 9.1954241E+00  0.0000000E+00
 9.2006350E+00  0.0000000E+00
 9.2058468E+00  0.0000000E+00
 9.2110577E+00  0.0000000E+00
 9.2162695E+00  0.0000000E+00
 9.2214804E+00  0.0000000E+00
 9.2266922E+00  0.0000000E+00
 9.2319031E+00  0.0000000E+00
 9.2371149E+00  0.0000000E+00
 9.2423258E+00  0.0000000E+00
 9.2475376E+00  0.0000000E+00
 9.2527485E+00  0.0000000E+00
 9.2579603E+00  0.0000000E+00
 9.2631712E+00  0.0000000E+00
 9.2683830E+00  0.0000000E+00
 9.2735939E+00  0.0000000E+00
 9.2788057E+00  0.0000000E+00
 9.2840166E+00  0.0000000E+00
 9.2892284E+00  0.0000000E+00
 9.2944393E+00  0.0000000E+00
 9.2996511E+00  0.0000000E+00
 9.3048620E+00  0.0000000E+00
 9.3100739E+00  0.0000000E+00
 9.3152847E+00  0.0000000E+00
 9.3204966E+00  0.0000000E+00
 9.3257074E+00  0.0000000E+00
 9.3309193E+00  0.0000000E+00
 9.3361301E+00  0.0000000E+00
 9.3413420E+00  0.0000000E+00
 9.3465528E+00  0.0000000E+00
 9.3517647E+00  0.0000000E+00
 9.3569756E+00  0.0000000E+00
 9.3621874E+00  0.0000000E+00
 9.3673983E+00  0.0000000E+00
 9.3726101E+00  0.0000000E+00
 9.3778210E+00  0.0000000E+00
 9.3830328E+00  0.0000000E+00
 9.3882437E+00  0.0000000E+00
 9.3934555E+00  0.0000000E+00
 9.3986664E+00  0.0000000E+00
 9.4038782E+00  0.0000000E+00
 9.4090891E+00  0.0000000E+00
 9.4143009E+00  0.0000000E+00
 9.4195118E+00  0.0000000E+00
 9.4247236E+00  0.0000000E+00
 9.4299345E+00  0.0000000E+00
 9.4351463E+00  0.0000000E+00
 9.4403572E+00  0.0000000E+00
 9.4455690E+00  0.0000000E+00
 9.4507799E+00  0.0000000E+00
 9.4559917E+00  0.0000000E+00
 9.4612026E+00  0.0000000E+00
 9.4664145E+00  0.0000000E+00
 9.4716253E+00  0.0000000E+00
 9.4768372E+00  0.0000000E+00
 9.4820480E+00  0.0000000E+00
 9.4872599E+00  0.0000000E+00
 9.4924707E+00  0.0000000E+00
 9.4976826E+00  0.0000000E+00
 9.5028934E+00  0.0000000E+00
 9.5081053E+00  0.0000000E+00
 9.5133162E+00  0.0000000E+00
 9.5185280E+00  0.0000000E+00
 9.5237389E+00  0.0000000E+00
 9.5289507E+00  0.0000000E+00
 9.5341616E+00  0.0000000E+00
 9.5393734E+00  0.0000000E+00
 9.5445843E+00  0.0000000E+00
 9.5497961E+00  0.0000000E+00
 9.5550070E+00  0.0000000E+00
 9.5602188E+00  0.0000000E+00
 9.5654297E+00  0.0000000E+00
 9.5706415E+00  0.0000000E+00
 9.5758524E+00  0.0000000E+00
 9.5810642E+00  0.0000000E+00
 9.5862751E+00  0.0000000E+00
 9.5914869E+00  0.0000000E+00
 9.5966978E+00  0.0000000E+00
 9.6019096E+00  0.0000000E+00
 9.6071205E+00  0.0000000E+00
 9.6123323E+00  0.0000000E+00
 9.6175432E+00  0.0000000E+00
 9.6227551E+00  0.0000000E+00
 9.6279659E+00  0.0000000E+00
 9.6331778E+00  0.0000000E+00
 9.6383886E+00  0.0000000E+00
 9.6436005E+00  0.0000000E+00
 9.6488113E+00  0.0000000E+00
 9.6540232E+00  0.0000000E+00
 9.6592340E+00  0.0000000E+00
 9.6644459E+00  0.0000000E+00
 9.6696568E+00  0.0000000E+00
 9.6748676E+00  0.0000000E+00
 9.6800795E+00  0.0000000E+00
 9.6852903E+00  0.0000000E+00
 9.6905022E+00  0.0000000E+00
 9.6957130E+00  0.0000000E+00
 9.7009249E+00  0.0000000E+00
 9.7061357E+00  0.0000000E+00
 9.7113476E+00  0.0000000E+00
 9.7165585E+00  0.0000000E+00
 9.7217703E+00  0.0000000E+00
 9.7269812E+00  0.0000000E+00
 9.7321930E+00  0.0000000E+00
 9.7374039E+00  0.0000000E+00
 9.7426157E+00  0.0000000E+00
 9.7478266E+00  0.0000000E+00
 9.7530384E+00  0.0000000E+00
 9.7582493E+00  0.0000000E+00
 9.7634611E+00  0.0000000E+00
 9.7686720E+00  0.0000000E+00
 9.7738838E+00  0.0000000E+00
 9.7790947E+00  0.0000000E+00
 9.7843065E+00  0.0000000E+00
 9.7895174E+00  0.0000000E+00
 9.7947292E+00  0.0000000E+00
 9.7999401E+00  0.0000000E+00
 9.8051519E+00  0.0000000E+00
 9.8103628E+00  0.0000000E+00
 9.8155746E+00  0.0000000E+00
 9.8207855E+00  0.0000000E+00
 9.8259974E+00  0.0000000E+00
 9.8312082E+00  0.0000000E+00
 9.8364201E+00  0.0000000E+00
 9.8416309E+00  0.0000000E+00
 9.8468428E+00  0.0000000E+00
 9.8520536E+00  0.0000000E+00
 9.8572655E+00  0.0000000E+00
 9.8624763E+00  0.0000000E+00
 9.8676882E+00  0.0000000E+00
 9.8728991E+00  0.0000000E+00
 9.8781109E+00  0.0000000E+00
 9.8833218E+00  0.0000000E+00
 9.8885336E+00  0.0000000E+00
 9.8937445E+00  0.0000000E+00
 9.8989563E+00  0.0000000E+00
 9.9041672E+00  0.0000000E+00
 9.9093790E+00  0.0000000E+00
 9.9145899E+00  0.0000000E+00
 9.9198017E+00  0.0000000E+00
 9.9250126E+00  0.0000000E+00
 9.9302244E+00  0.0000000E+00
 9.9354353E+00  0.0000000E+00
 9.9406471E+00  0.0000000E+00
 9.9458580E+00  0.0000000E+00
 9.9510698E+00  0.0000000E+00
 9.9562807E+00  0.0000000E+00
 9.9614925E+00  0.0000000E+00
 9.9667034E+00  0.0000000E+00
 9.9719152E+00  0.0000000E+00
 9.9771261E+00  0.0000000E+00
 9.9823380E+00  0.0000000E+00
 9.9875488E+00  0.0000000E+00
 9.9927607E+00  0.0000000E+00
 9.9979715E+00  0.0000000E+00
 1.0003183E+01  0.0000000E+00
 1.0008394E+01  0.0000000E+00
 1.0013606E+01  0.0000000E+00
 1.0018817E+01  0.0000000E+00
 1.0024029E+01  0.0000000E+00
 1.0029240E+01  0.0000000E+00
 1.0034451E+01  0.0000000E+00
 1.0039662E+01  0.0000000E+00
 1.0044874E+01  0.0000000E+00
 1.0050085E+01  0.0000000E+00
 1.0055297E+01  0.0000000E+00
 1.0060508E+01  0.0000000E+00
 1.0065720E+01  0.0000000E+00
 1.0070930E+01  0.0000000E+00
 1.0076142E+01  0.0000000E+00
 1.0081353E+01  0.0000000E+00
 1.0086565E+01  0.0000000E+00
 1.0091776E+01  0.0000000E+00
 1.0096988E+01  0.0000000E+00
 1.0102199E+01  0.0000000E+00
 1.0107410E+01  0.0000000E+00
 1.0112621E+01  0.0000000E+00
 1.0117833E+01  0.0000000E+00
 1.0123044E+01  0.0000000E+00
 1.0128256E+01  0.0000000E+00
 1.0133467E+01  0.0000000E+00
 1.0138679E+01  0.0000000E+00
 1.0143889E+01  0.0000000E+00
 1.0149101E+01  0.0000000E+00
 1.0154312E+01  0.0000000E+00
 1.0159524E+01  0.0000000E+00
 1.0164735E+01  0.0000000E+00
 1.0169946E+01  0.0000000E+00
 1.0175158E+01  0.0000000E+00
 1.0180368E+01  0.0000000E+00
 1.0185580E+01  0.0000000E+00
 1.0190791E+01  0.0000000E+00
 1.0196003E+01  0.0000000E+00
 1.0201214E+01  0.0000000E+00
 1.0206426E+01  0.0000000E+00
 1.0211637E+01  0.0000000E+00
 1.0216848E+01  0.0000000E+00
 1.0222059E+01  0.0000000E+00
 1.0227271E+01  0.0000000E+00
 1.0232482E+01  0.0000000E+00
 1.0237694E+01  0.0000000E+00
 1.0242905E+01  0.0000000E+00
 1.0248116E+01  0.0000000E+00
 1.0253327E+01  0.0000000E+00
 1.0258539E+01  0.0000000E+00
 1.0263750E+01  0.0000000E+00
 1.0268962E+01  0.0000000E+00
 1.0274173E+01  0.0000000E+00
 1.0279385E+01  0.0000000E+00
 1.0284595E+01  0.0000000E+00
 1.0289807E+01  0.0000000E+00
 1.0295018E+01  0.0000000E+00
 1.0300230E+01  0.0000000E+00
 1.0305441E+01  0.0000000E+00
 1.0310653E+01  0.0000000E+00
 1.0315864E+01  0.0000000E+00
 1.0321075E+01  0.0000000E+00
 1.0326286E+01  0.0000000E+00
 1.0331498E+01  0.0000000E+00
 1.0336709E+01  0.0000000E+00
 1.0341921E+01  0.0000000E+00
 1.0347132E+01  0.0000000E+00
 1.0352344E+01  0.0000000E+00
 1.0357554E+01  0.0000000E+00
 1.0362766E+01  0.0000000E+00
 1.0367977E+01  0.0000000E+00
 1.0373189E+01  0.0000000E+00
 1.0378400E+01  0.0000000E+00
 1.0383612E+01  0.0000000E+00
 1.0388823E+01  0.0000000E+00
 1.0394034E+01  0.0000000E+00
 1.0399245E+01  0.0000000E+00
 1.0404457E+01  0.0000000E+00
 1.0409668E+01  0.0000000E+00
 1.0414880E+01  0.0000000E+00
 1.0420091E+01  0.0000000E+00
 1.0425303E+01  0.0000000E+00
 1.0430513E+01  0.0000000E+00
 1.0435725E+01  0.0000000E+00
 1.0440936E+01  0.0000000E+00
 1.0446148E+01  0.0000000E+00
 1.0451359E+01  0.0000000E+00
 1.0456571E+01  0.0000000E+00
 1.0461782E+01  0.0000000E+00
 1.0466993E+01  0.0000000E+00
 1.0472204E+01  0.0000000E+00
 1.0477416E+01  0.0000000E+00
 1.0482627E+01  0.0000000E+00
 1.0487839E+01  0.0000000E+00
 1.0493050E+01  0.0000000E+00
 1.0498261E+01  0.0000000E+00
 1.0503472E+01  0.0000000E+00
 1.0508684E+01  0.0000000E+00
 1.0513895E+01  0.0000000E+00
 1.0519107E+01  0.0000000E+00
 1.0524318E+01  0.0000000E+00
 1.0529530E+01  0.0000000E+00
 1.0534740E+01  0.0000000E+00
 1.0539952E+01  0.0000000E+00
 1.0545163E+01  0.0000000E+00
 1.0550375E+01  0.0000000E+00
 1.0555586E+01  0.0000000E+00
 1.0560798E+01  0.0000000E+00
 1.0566009E+01  0.0000000E+00
 1.0571220E+01  0.0000000E+00
 1.0576431E+01  0.0000000E+00
 1.0581643E+01  0.0000000E+00
 1.0586854E+01  0.0000000E+00
 1.0592066E+01  0.0000000E+00
 1.0597277E+01  0.0000000E+00
 1.0602489E+01  0.0000000E+00
 1.0607699E+01  0.0000000E+00
 1.0612911E+01  0.0000000E+00
 1.0618122E+01  0.0000000E+00
 1.0623334E+01  0.0000000E+00
 1.0628545E+01  0.0000000E+00
 1.0633757E+01  0.0000000E+00
 1.0638968E+01  0.0000000E+00
 1.0644179E+01  0.0000000E+00
 1.0649390E+01  0.0000000E+00
 1.0654602E+01  0.0000000E+00
 1.0659813E+01  0.0000000E+00
 1.0665025E+01  0.0000000E+00
 1.0670236E+01  0.0000000E+00
 1.0675447E+01  0.0000000E+00
 1.0680658E+01  0.0000000E+00
 1.0685869E+01  0.0000000E+00
 1.0691081E+01  0.0000000E+00
 1.0696292E+01  0.0000000E+00
 1.0701504E+01  0.0000000E+00
 1.0706715E+01  0.0000000E+00
 1.0711926E+01  0.0000000E+00
 1.0717137E+01  0.0000000E+00
 1.0722349E+01  0.0000000E+00
 1.0727560E+01  0.0000000E+00
 1.0732772E+01  0.0000000E+00
 1.0737983E+01  0.0000000E+00
 1.0743195E+01  0.0000000E+00
 1.0748405E+01  0.0000000E+00
 1.0753617E+01  0.0000000E+00
 1.0758828E+01  0.0000000E+00
 1.0764040E+01  0.0000000E+00
 1.0769251E+01  0.0000000E+00
 1.0774463E+01  0.0000000E+00
 1.0779674E+01  0.0000000E+00
 1.0784885E+01  0.0000000E+00
 1.0790096E+01  0.0000000E+00
 1.0795308E+01  0.0000000E+00
 1.0800519E+01  0.0000000E+00
 1.0805731E+01  0.0000000E+00
 1.0810942E+01  0.0000000E+00
 1.0816154E+01  0.0000000E+00
 1.0821364E+01  0.0000000E+00
 1.0826576E+01  0.0000000E+00
 1.0831787E+01  0.0000000E+00
 1.0836999E+01  0.0000000E+00
 1.0842210E+01  0.0000000E+00
 1.0847422E+01  0.0000000E+00
 1.0852633E+01  0.0000000E+00
 1.0857844E+01  0.0000000E+00
 1.0863055E+01  0.0000000E+00
 1.0868267E+01  0.0000000E+00
 1.0873478E+01  0.0000000E+00
 1.0878690E+01  0.0000000E+00
 1.0883901E+01  0.0000000E+00
 1.0889112E+01  0.0000000E+00
 1.0894323E+01  0.0000000E+00
 1.0899535E+01  0.0000000E+00
 1.0904746E+01  0.0000000E+00
 1.0909958E+01  0.0000000E+00
 1.0915169E+01  0.0000000E+00
 1.0920381E+01  0.0000000E+00
 1.0925591E+01  0.0000000E+00
 1.0930803E+01  0.0000000E+00
 1.0936014E+01  0.0000000E+00
 1.0941226E+01  0.0000000E+00
 1.0946437E+01  0.0000000E+00
 1.0951649E+01  0.0000000E+00
 1.0956860E+01  0.0000000E+00
 1.0962071E+01  0.0000000E+00
 1.0967282E+01  0.0000000E+00
 1.0972494E+01  0.0000000E+00
 1.0977705E+01  0.0000000E+00
 1.0982917E+01  0.0000000E+00
 1.0988128E+01  0.0000000E+00
 1.0993340E+01  0.0000000E+00
 1.0998550E+01  0.0000000E+00
 1.1003762E+01  0.0000000E+00
 1.1008973E+01  0.0000000E+00
 1.1014185E+01  0.0000000E+00
 1.1019396E+01  0.0000000E+00
 1.1024608E+01  0.0000000E+00
 1.1029819E+01  0.0000000E+00
 1.1035030E+01  0.0000000E+00
 1.1040241E+01  0.0000000E+00
 1.1045453E+01  0.0000000E+00
 1.1050664E+01  0.0000000E+00
 1.1055876E+01  0.0000000E+00
 1.1061087E+01  0.0000000E+00
 1.1066298E+01  0.0000000E+00
 1.1071509E+01  0.0000000E+00
 1.1076721E+01  0.0000000E+00
 1.1081932E+01  0.0000000E+00
 1.1087144E+01  0.0000000E+00
 1.1092355E+01  0.0000000E+00
 1.1097567E+01  0.0000000E+00
 1.1102777E+01  0.0000000E+00
 1.1107989E+01  0.0000000E+00
 1.1113200E+01  0.0000000E+00
 1.1118412E+01  0.0000000E+00
 1.1123623E+01  0.0000000E+00
 1.1128835E+01  0.0000000E+00
 1.1134046E+01  0.0000000E+00
 1.1139257E+01  0.0000000E+00
 1.1144468E+01  0.0000000E+00
 1.1149680E+01  0.0000000E+00
 1.1154891E+01  0.0000000E+00
 1.1160103E+01  0.0000000E+00
 1.1165314E+01  0.0000000E+00
 1.1170525E+01  0.0000000E+00
 1.1175736E+01  0.0000000E+00
 1.1180947E+01  0.0000000E+00
 1.1186159E+01  0.0000000E+00
 1.1191370E+01  0.0000000E+00
 1.1196582E+01  0.0000000E+00
 1.1201793E+01  0.0000000E+00
 1.1207005E+01  0.0000000E+00
 1.1212215E+01  0.0000000E+00
 1.1217427E+01  0.0000000E+00
 1.1222638E+01  0.0000000E+00
 1.1227850E+01  0.0000000E+00
 1.1233061E+01  0.0000000E+00
 1.1238273E+01  0.0000000E+00
 1.1243484E+01  0.0000000E+00
 1.1248695E+01  0.0000000E+00
 1.1253906E+01  0.0000000E+00
 1.1259118E+01  0.0000000E+00
 1.1264329E+01  0.0000000E+00
 1.1269541E+01  0.0000000E+00
 1.1274752E+01  0.0000000E+00
 1.1279963E+01  0.0000000E+00
 1.1285174E+01  0.0000000E+00
 1.1290386E+01  0.0000000E+00
 1.1295597E+01  0.0000000E+00
 1.1300809E+01  0.0000000E+00
 1.1306020E+01  0.0000000E+00
 1.1311232E+01  0.0000000E+00
 1.1316442E+01  0.0000000E+00
 1.1321654E+01  0.0000000E+00
 1.1326865E+01  0.0000000E+00
 1.1332077E+01  0.0000000E+00
 1.1337288E+01  0.0000000E+00
 1.1342500E+01  0.0000000E+00
 1.1347711E+01  0.0000000E+00
 1.1352922E+01  0.0000000E+00
 1.1358133E+01  0.0000000E+00
 1.1363345E+01  0.0000000E+00
 1.1368556E+01  0.0000000E+00
 1.1373768E+01  0.0000000E+00
 1.1378979E+01  0.0000000E+00
 1.1384191E+01  0.0000000E+00
 1.1389401E+01  0.0000000E+00
 1.1394613E+01  0.0000000E+00
 1.1399824E+01  0.0000000E+00
 1.1405036E+01  0.0000000E+00
 1.1410247E+01  0.0000000E+00
 1.1415459E+01  0.0000000E+00
 1.1420670E+01  0.0000000E+00
 1.1425881E+01  0.0000000E+00
 1.1431092E+01  0.0000000E+00
 1.1436304E+01  0.0000000E+00
 1.1441515E+01  0.0000000E+00
 1.1446727E+01  0.0000000E+00
 1.1451938E+01  0.0000000E+00
 1.1457150E+01  0.0000000E+00
 1.1462360E+01  0.0000000E+00
 1.1467572E+01  0.0000000E+00
 1.1472783E+01  0.0000000E+00
 1.1477995E+01  0.0000000E+00
 1.1483206E+01  0.0000000E+00
 1.1488418E+01  0.0000000E+00
 1.1493629E+01  0.0000000E+00
 1.1498840E+01  0.0000000E+00
 1.1504051E+01  0.0000000E+00
 1.1509263E+01  0.0000000E+00
 1.1514474E+01  0.0000000E+00
 1.1519686E+01  0.0000000E+00
 1.1524897E+01  0.0000000E+00
 1.1530108E+01  0.0000000E+00
 1.1535319E+01  0.0000000E+00
 1.1540531E+01  0.0000000E+00
 1.1545742E+01  0.0000000E+00
 1.1550954E+01  0.0000000E+00
 1.1556165E+01  0.0000000E+00
 1.1561377E+01  0.0000000E+00
 1.1566587E+01  0.0000000E+00
 1.1571799E+01  0.0000000E+00
 1.1577010E+01  0.0000000E+00
 1.1582222E+01  0.0000000E+00
 1.1587433E+01  0.0000000E+00
 1.1592645E+01  0.0000000E+00
 1.1597856E+01  0.0000000E+00
 1.1603067E+01  0.0000000E+00
 1.1608278E+01  0.0000000E+00
 1.1613490E+01  0.0000000E+00
 1.1618701E+01  0.0000000E+00
 1.1623913E+01  0.0000000E+00
 1.1629124E+01  0.0000000E+00
 1.1634336E+01  0.0000000E+00
 1.1639546E+01  0.0000000E+00
 1.1644758E+01  0.0000000E+00
 1.1649969E+01  0.0000000E+00
 1.1655181E+01  0.0000000E+00
 1.1660392E+01  0.0000000E+00
 1.1665603E+01  0.0000000E+00
 1.1670815E+01  0.0000000E+00
 1.1676025E+01  0.0000000E+00
 1.1681237E+01  0.0000000E+00
 1.1686448E+01  0.0000000E+00
 1.1691660E+01  0.0000000E+00
 1.1696871E+01  0.0000000E+00
 1.1702083E+01  0.0000000E+00
 1.1707294E+01  0.0000000E+00
 1.1712505E+01  0.0000000E+00
 1.1717716E+01  0.0000000E+00
 1.1722928E+01  0.0000000E+00
 1.1728139E+01  0.0000000E+00
 1.1733351E+01  0.0000000E+00
 1.1738562E+01  0.0000000E+00
 1.1743773E+01  0.0000000E+00
 1.1748984E+01  0.0000000E+00
 1.1754196E+01  0.0000000E+00
 1.1759407E+01  0.0000000E+00
 1.1764619E+01  0.0000000E+00
 1.1769830E+01  0.0000000E+00
 1.1775042E+01  0.0000000E+00
 1.1780252E+01  0.0000000E+00
 1.1785464E+01  0.0000000E+00
 1.1790675E+01  0.0000000E+00
 1.1795887E+01  0.0000000E+00
 1.1801098E+01  0.0000000E+00
 1.1806310E+01  0.0000000E+00
 1.1811521E+01  0.0000000E+00
 1.1816732E+01  0.0000000E+00
 1.1821943E+01  0.0000000E+00
 1.1827155E+01  0.0000000E+00
 1.1832366E+01  0.0000000E+00
 1.1837578E+01  0.0000000E+00
 1.1842789E+01  0.0000000E+00
 1.1848001E+01  0.0000000E+00
 1.1853211E+01  0.0000000E+00
 1.1858423E+01  0.0000000E+00
 1.1863634E+01  0.0000000E+00
 1.1868846E+01  0.0000000E+00
 1.1874057E+01  0.0000000E+00
 1.1879269E+01  0.0000000E+00
 1.1884480E+01  0.0000000E+00
 1.1889691E+01  0.0000000E+00
 1.1894902E+01  0.0000000E+00
 1.1900114E+01  0.0000000E+00
 1.1905325E+01  0.0000000E+00
 1.1910537E+01  0.0000000E+00
 1.1915748E+01  0.0000000E+00
 1.1920959E+01  0.0000000E+00
 1.1926170E+01  0.0000000E+00
 1.1931382E+01  0.0000000E+00
 1.1936593E+01  0.0000000E+00
 1.1941805E+01  0.0000000E+00
 1.1947016E+01  0.0000000E+00
 1.1952228E+01  0.0000000E+00
 1.1957438E+01  0.0000000E+00
 1.1962650E+01  0.0000000E+00
 1.1967861E+01  0.0000000E+00
 1.1973073E+01  0.0000000E+00
 1.1978284E+01  0.0000000E+00
 1.1983496E+01  0.0000000E+00
 1.1988707E+01  0.0000000E+00
 1.1993918E+01  0.0000000E+00
 1.1999129E+01  0.0000000E+00
 1.2004341E+01  0.0000000E+00
 1.2009552E+01  0.0000000E+00
 1.2014764E+01  0.0000000E+00
 1.2019975E+01  0.0000000E+00
 1.2025187E+01  0.0000000E+00
 1.2030397E+01  0.0000000E+00
 1.2035609E+01  0.0000000E+00
 1.2040820E+01  0.0000000E+00
 1.2046032E+01  0.0000000E+00
 1.2051243E+01  0.0000000E+00
 1.2056455E+01  0.0000000E+00
 1.2061666E+01  0.0000000E+00
 1.2066877E+01  0.0000000E+00
 1.2072088E+01  0.0000000E+00
 1.2077300E+01  0.0000000E+00
 1.2082511E+01  0.0000000E+00
 1.2087723E+01  0.0000000E+00
 1.2092934E+01  0.0000000E+00
 1.2098145E+01  0.0000000E+00
 1.2103356E+01  0.0000000E+00
 1.2108568E+01  0.0000000E+00
 1.2113779E+01  0.0000000E+00
 1.2118991E+01  0.0000000E+00
 1.2124202E+01  0.0000000E+00
 1.2129414E+01  0.0000000E+00
 1.2134624E+01  0.0000000E+00
 1.2139836E+01  0.0000000E+00
 1.2145047E+01  0.0000000E+00
 1.2150259E+01  0.0000000E+00
 1.2155470E+01  0.0000000E+00
 1.2160681E+01  0.0000000E+00
 1.2165893E+01  0.0000000E+00
 1.2171103E+01  0.0000000E+00
 1.2176315E+01  0.0000000E+00
 1.2181526E+01  0.0000000E+00
 1.2186738E+01  0.0000000E+00
 1.2191949E+01  0.0000000E+00
 1.2197161E+01  0.0000000E+00
 1.2202372E+01  0.0000000E+00
 1.2207583E+01  0.0000000E+00
 1.2212794E+01  0.0000000E+00
 1.2218006E+01  0.0000000E+00
 1.2223217E+01  0.0000000E+00
 1.2228429E+01  0.0000000E+00
 1.2233640E+01  0.0000000E+00
 1.2238852E+01  0.0000000E+00
 1.2244062E+01  0.0000000E+00
 1.2249274E+01  0.0000000E+00
 1.2254485E+01  0.0000000E+00
 1.2259697E+01  0.0000000E+00
 1.2264908E+01  0.0000000E+00
 1.2270120E+01  0.0000000E+00
 1.2275331E+01  0.0000000E+00
 1.2280542E+01  0.0000000E+00
 1.2285753E+01  0.0000000E+00
 1.2290965E+01  0.0000000E+00
 1.2296176E+01  0.0000000E+00
 1.2301388E+01  0.0000000E+00
 1.2306599E+01  0.0000000E+00
 1.2311810E+01  0.0000000E+00
 1.2317021E+01  0.0000000E+00
 1.2322233E+01  0.0000000E+00
 1.2327444E+01  0.0000000E+00
 1.2332656E+01  0.0000000E+00
 1.2337867E+01  0.0000000E+00
 1.2343079E+01  0.0000000E+00
 1.2348289E+01  0.0000000E+00
 1.2353501E+01  0.0000000E+00
 1.2358712E+01  0.0000000E+00
 1.2363924E+01  0.0000000E+00
 1.2369135E+01  0.0000000E+00
 1.2374347E+01  0.0000000E+00
 1.2379558E+01  0.0000000E+00
 1.2384769E+01  0.0000000E+00
 1.2389980E+01  0.0000000E+00
 1.2395192E+01  0.0000000E+00
 1.2400403E+01  0.0000000E+00
 1.2405615E+01  0.0000000E+00
 1.2410826E+01  0.0000000E+00
 1.2416038E+01  0.0000000E+00
 1.2421248E+01  0.0000000E+00
 1.2426460E+01  0.0000000E+00
 1.2431671E+01  0.0000000E+00
 1.2436883E+01  0.0000000E+00
 1.2442094E+01  0.0000000E+00
 1.2447306E+01  0.0000000E+00
 1.2452517E+01  0.0000000E+00
 1.2457728E+01  0.0000000E+00
 1.2462939E+01  0.0000000E+00
 1.2468151E+01  0.0000000E+00
 1.2473362E+01  0.0000000E+00
 1.2478574E+01  0.0000000E+00
 1.2483785E+01  0.0000000E+00
 1.2488997E+01  0.0000000E+00
 1.2494207E+01  0.0000000E+00
 1.2499419E+01  0.0000000E+00
 1.2504630E+01  0.0000000E+00
 1.2509842E+01  0.0000000E+00
 1.2515053E+01  0.0000000E+00
 1.2520265E+01  0.0000000E+00
 1.2525476E+01  0.0000000E+00
 1.2530687E+01  0.0000000E+00
 1.2535898E+01  0.0000000E+00
 1.2541110E+01  0.0000000E+00
 1.2546321E+01  0.0000000E+00
 1.2551533E+01  0.0000000E+00
 1.2556744E+01  0.0000000E+00
 1.2561955E+01  0.0000000E+00
 1.2567166E+01  0.0000000E+00
 1.2572378E+01  0.0000000E+00
 1.2577589E+01  0.0000000E+00
 1.2582801E+01  0.0000000E+00
 1.2588012E+01  0.0000000E+00
 1.2593224E+01  0.0000000E+00
 1.2598434E+01  0.0000000E+00
 1.2603646E+01  0.0000000E+00
 1.2608857E+01  0.0000000E+00
 1.2614069E+01  0.0000000E+00
 1.2619280E+01  0.0000000E+00
 1.2624492E+01  0.0000000E+00
 1.2629703E+01  0.0000000E+00
 1.2634914E+01  0.0000000E+00
 1.2640125E+01  0.0000000E+00
 1.2645337E+01  0.0000000E+00
 1.2650548E+01  0.0000000E+00
 1.2655759E+01  0.0000000E+00
 1.2660971E+01  0.0000000E+00
 1.2666182E+01  0.0000000E+00
 1.2671393E+01  0.0000000E+00
 1.2676604E+01  0.0000000E+00
 1.2681816E+01  0.0000000E+00
 1.2687027E+01  0.0000000E+00
 1.2692239E+01  0.0000000E+00
 1.2697450E+01  0.0000000E+00
 1.2702662E+01  0.0000000E+00
 1.2707872E+01  0.0000000E+00
 1.2713084E+01  0.0000000E+00
 1.2718295E+01  0.0000000E+00
 1.2723507E+01  0.0000000E+00
 1.2728718E+01  0.0000000E+00
 1.2733930E+01  0.0000000E+00
 1.2739141E+01  0.0000000E+00
 1.2744352E+01  0.0000000E+00
