    1.2412    0.0382
    1.0724    0.0395
    1.3604    0.0025
    1.1471    0.0327
    0.9792    0.1088
    1.0288    0.0467
    1.2971    0.0215
    1.4169    0.0148
    1.3161    0.0018
    1.0195    0.0388
    0.8870    0.1121
    1.3101    0.0236
    1.4063    0.0106
    1.1650    0.0367
    1.1700    0.0006
    1.1186    0.0567
    0.9615    0.0763
    1.3851    0.0049
    0.6282    0.2317
    1.2835    0.0108
    0.9540    0.0858
    0.8622    0.2145
    0.7523    0.2299
    1.1024    0.0235
    1.1120    0.0493
    1.2660    0.0391
    1.1988    0.0122
    1.1835    0.0573
    1.1998    0.0009
    1.2566    0.0020
    1.3952    0.0058
    1.3866    0.0106
    1.3307    0.0065
    1.1104    0.0174
    0.7688    0.2399
    1.2916    0.0358
    1.1878    0.0139
    1.3593    0.0121
    1.3413    0.0045
    0.6118    0.1643
    1.0070    0.0737
    1.0745    0.0419
    1.3710    0.0093
    1.3472    0.0139
    1.1740    0.0470
    0.7461    0.3120
    1.1555    0.0182
    1.3478    0.0070
    1.4367    0.0076
    1.1794    0.0474
    0.6714    0.3276
    1.3131    0.0080
    1.0644    0.0684
    1.1911    0.0418
    1.3023    0.0293
    0.8861    0.0209
    1.2791    0.0336
    1.4535    0.0025
    1.3458    0.0116
    1.2018    0.0374
    1.3607    0.0228
    0.8619    0.2154
    1.2951    0.0116
    1.1773    0.0516
    1.2053    0.0361
    1.1551    0.0297
    1.2911    0.0125
    1.2866    0.0175
    1.0983    0.0301
    1.3574    0.0013
    1.3096    0.0000
    1.2466    0.0065
    1.2257    0.0117
    1.0775    0.0443
    1.3015    0.0177
    1.2506    0.0067
    1.2157    0.0011
    0.9124    0.0244
    1.2168    0.0455
    0.9921    0.0124
    0.9358    0.1169
    1.0736    0.0724
    1.2876    0.0179
    0.6904    0.0896
    1.2300    0.0573
    1.1834    0.0027
    1.3967    0.0136
    0.6193    0.3472
    1.1849    0.0131
    1.0388    0.0566
    0.9957    0.0861
    1.2746    0.0018
    1.2386    0.0121
    0.8900    0.0231
    1.3232    0.0045
    0.8104    0.1333
    1.0873    0.0167
    1.2856    0.0081
    1.0910    0.0261
    0.9695    0.0416
    1.4367    0.0053
    1.2498    0.0264
    1.2951    0.0050
    1.3212    0.0009
    0.9915    0.0700
    1.0146    0.1158
    1.0392    0.0251
    0.9655    0.1575
    1.2341    0.0040
    0.6830    0.2036
    1.3719    0.0101
    0.8612    0.1129
    1.1362    0.0099
    1.2063    0.0288
    1.2380    0.0434
    0.9446    0.0313
    1.1556    0.0593
    0.8623    0.1646
    1.1729    0.0072
    1.1655    0.0140
    1.2242    0.0323
    0.7281    0.0632
    0.5222    0.3857
    1.1412    0.0297
    0.5892    0.3462
    0.6466    0.2425
    1.3589    0.0138
    1.2197    0.0113
    1.4453    0.0066
    1.0859    0.0232
    1.1358    0.0168
    1.2348    0.0563
    1.1150    0.0371
    1.3131    0.0040
    1.2077    0.0110
    1.2505    0.0120
    1.3120    0.0167
    1.1933    0.0046
    1.0715    0.0552
    1.1002    0.0331
    0.5757    0.4676
    1.3296    0.0146
    1.4479    0.0043
    1.4068    0.0012
    0.8319    0.0951
    1.0534    0.0027
    1.4038    0.0004
    1.3436    0.0216
    1.2640    0.0370
    1.0659    0.0775
    1.3116    0.0023
    0.6278    0.1949
    0.5608    0.4433
    1.2801    0.0134
    0.9748    0.0675
    1.2770    0.0082
    1.1252    0.0228
    1.0017    0.0578
    1.0460    0.0231
    1.3080    0.0183
    0.8128    0.0394
    0.8579    0.2270
    0.9993    0.0485
    0.8663    0.2155
    1.0402    0.0507
    0.9588    0.0420
    1.1719    0.0253
    0.6818    0.2409
    1.2610    0.0132
    0.7821    0.1554
    1.4225    0.0112
    1.0578    0.0394
    1.1361    0.0397
    1.4008    0.0061
    1.2311    0.0198
    1.1651    0.0348
    0.9900    0.1637
    0.9411    0.0537
    0.5852    0.2877
    1.1938    0.0226
    1.0312    0.0656
    1.3795    0.0167
    1.0935    0.0619
    1.2078    0.0379
    1.1593    0.0717
    0.7403    0.2799
    0.8210    0.1553
    1.0519    0.0093
    1.0758    0.0756
    1.1265    0.0277
    1.2886    0.0020
    0.8167    0.1465
    1.4114    0.0096
    1.4321    0.0152
    1.1641    0.0289
    0.5452    0.4772
    1.2916    0.0120
    0.5958    0.4002
    1.0132    0.0279
    1.3755    0.0027
    1.4387    0.0030
    0.9278    0.0953
    0.8674    0.1583
    1.1391    0.0549
    0.9518    0.0660
    1.3285    0.0237
    1.0973    0.0309
    1.0472    0.0245
    1.2846    0.0295
    1.1115    0.0099
    0.9506    0.1285
    0.4305    0.4147
    1.1135    0.0262
    0.6667    0.2345
    1.1458    0.0436
    1.3274    0.0283
    1.3146    0.0050
    1.2203    0.0462
    1.0480    0.0132
    1.0859    0.0002
    0.6765    0.3921
    1.2870    0.0421
    1.1287    0.0372
    1.1477    0.0023
    1.1661    0.0309
    1.0943    0.0133
    0.9219    0.0755
    1.0293    0.0007
    1.1913    0.0059
    1.4175    0.0066
    1.1703    0.0186
    1.0354    0.0598
    1.0417    0.0584
    1.0704    0.0942
    1.0480    0.0278
    0.5240    0.3683
    1.1461    0.0090
    0.9055    0.0443
    1.3735    0.0187
    0.6791    0.2115
    0.7927    0.1035
    0.4486    0.4450
    1.0377    0.0182
    1.2631    0.0229
    1.3982    0.0177
    1.2009    0.0285
    0.6205    0.2661
    1.1720    0.0389
    1.1848    0.0169
    1.3307    0.0019
    1.3201    0.0134
    1.2185    0.0617
    0.4974    0.3483
    0.6364    0.2292
    0.9082    0.0970
    1.1710    0.0060
    1.0870    0.0510
    1.2351    0.0112
    1.0672    0.0133
    0.5595    0.2690
    1.1270    0.0567
    0.3086    0.2115
    0.8564    0.0876
    1.0869    0.0328
    1.3629    0.0088
    0.7447    0.0763
    1.2167    0.0104
    1.4367    0.0090
    1.2765    0.0220
    0.9820    0.1468
    0.5967    0.0652
    0.6013    0.3310
    1.1731    0.0455
    1.0411    0.0020
    1.0828    0.0651
    1.3142    0.0272
    0.4431    0.4069
    1.0785    0.0429
    1.3131    0.0126
    1.3151    0.0007
    0.4884    0.2008
    0.7246    0.2433
    1.4129    0.0076
    0.8044    0.2873
    0.5983    0.3847
    1.1476    0.0550
    1.1854    0.0005
    1.3297    0.0065
    1.3710    0.0161
    1.1828    0.0138
    1.3227    0.0067
    1.1715    0.0054
    0.7001    0.1194
    1.3831    0.0116
    0.7383    0.2417
    1.3942    0.0058
    1.2651    0.0004
    1.2491    0.0004
    1.2416    0.0216
    1.3871    0.0056
    1.2976    0.0009
    1.1043    0.0977
    1.3147    0.0219
    1.3720    0.0187
    0.7884    0.1105
    0.6606    0.2238
    1.2820    0.0435
    1.1983    0.0020
    0.4926    0.2980
    1.0756    0.0079
    1.4103    0.0116
    1.0987    0.0118
    0.5528    0.3150
    1.2878    0.0241
    1.3720    0.0062
    0.7665    0.2073
    1.2985    0.0331
    1.3624    0.0025
    1.2112    0.0288
    1.4205    0.0081
    1.3574    0.0181
    0.9720    0.0081
    0.9225    0.0605
    1.4326    0.0048
    1.0919    0.0423
    1.1675    0.0258
    0.5713    0.4707
    1.1606    0.0466
    0.9342    0.0810
    1.3780    0.0101
    0.9580    0.0904
    1.1754    0.0131
    1.2510    0.0087
    1.0011    0.0742
    1.3011    0.0246
    1.4109    0.0042
    1.2524    0.0208
    1.2057    0.0032
    1.3499    0.0289
    1.0875    0.0640
    0.7943    0.1253
    1.2057    0.0159
    1.2711    0.0005
    1.2816    0.0005
    0.7188    0.2976
    1.3154    0.0243
    1.3357    0.0075
    1.1492    0.0032
    1.2326    0.0028
    1.2595    0.0240
    0.7154    0.0858
    1.3252    0.0056
    1.0575    0.0834
    1.4271    0.0030
    1.1114    0.0382
    1.4123    0.0158
    0.5754    0.4755
    0.9948    0.0833
    1.2899    0.0223
    1.2156    0.0140
    0.6856    0.2367
    1.2578    0.0235
    1.0523    0.0689
    0.6602    0.3531
    0.9477    0.1040
    1.3332    0.0156
    0.7040    0.2350
    1.1203    0.0692
    1.3377    0.0022
    1.2836    0.0025
    0.9776    0.0837
    1.0697    0.0196
    1.2077    0.0204
    1.0201    0.0622
    0.9153    0.0905
    1.0618    0.0383
    1.3212    0.0136
    1.2204    0.0271
    0.7102    0.0675
    0.5258    0.4668
    1.2301    0.0414
    0.7495    0.2727
    1.3891    0.0036
    1.0889    0.0064
    1.1232    0.0816
    0.7676    0.0153
    0.8436    0.0864
    0.5716    0.1834
    0.7103    0.3600
    1.3141    0.0080
    1.1844    0.0212
    1.4109    0.0177
    1.0088    0.0394
    0.9465    0.0244
    1.0761    0.0059
    1.1432    0.0183
    1.3770    0.0071
    1.3593    0.0307
    1.0069    0.1323
    1.4048    0.0005
    1.2168    0.0419
    1.3932    0.0136
    1.3922    0.0177
    1.2134    0.0436
    1.0082    0.0436
    0.8110    0.0802
    0.9573    0.0005
    1.1824    0.0129
    0.9965    0.0115
    1.1333    0.0163
    1.3312    0.0100
    1.2107    0.0035
    1.3942    0.0058
    1.3664    0.0076
    1.3413    0.0036
    0.5990    0.4209
    0.7973    0.2714
    1.2385    0.0179
    1.1195    0.0203
    1.1496    0.0208
    1.2152    0.0023
    1.3851    0.0129
    1.1017    0.0064
    1.2976    0.0049
    0.6111    0.3642
    0.9855    0.1455
    1.1868    0.0090
    1.1848    0.0116
    1.3116    0.0296
    1.3972    0.0121
    0.8550    0.1900
    0.8754    0.1375
    0.9623    0.0565
    1.3202    0.0321
    1.3026    0.0246
    1.1705    0.0095
    1.0982    0.0100
    0.8599    0.1327
    0.8115    0.2561
    1.0308    0.0378
    0.7870    0.2201
    1.3548    0.0087
    1.0253    0.0174
    1.1150    0.0069
    1.1388    0.0016
    0.6761    0.2129
    0.6440    0.2747
    0.9348    0.0021
    0.8247    0.1019
    0.6185    0.2186
    0.7360    0.1711
    1.2636    0.0224
    1.3801    0.0022
    1.0836    0.0551
    1.2516    0.0220
    1.2600    0.0121
    1.2551    0.0060
    1.2536    0.0018
    1.3056    0.0018
    1.2866    0.0157
    0.8976    0.2039
    1.0662    0.0287
    1.3518    0.0182
    0.9925    0.0096
    1.3372    0.0045
    0.5800    0.3788
    1.2486    0.0085
    1.2091    0.0443
    0.7114    0.2093
    1.0863    0.0631
    0.9715    0.0317
    1.4033    0.0168
    0.4873    0.2333
    1.4362    0.0010
    1.3735    0.0040
    1.0692    0.0196
    1.1190    0.0340
    0.8266    0.0828
    1.3977    0.0035
    1.4327    0.0066
    0.4730    0.3585
    1.1641    0.0398
    1.3872    0.0284
    1.3327    0.0267
    1.2876    0.0224
    1.0291    0.0768
    1.2742    0.0506
    1.4170    0.0022
    1.4377    0.0079
    1.0963    0.0032
    1.2376    0.0039
    1.3447    0.0148
    1.1561    0.0351
    1.3181    0.0131
    1.3760    0.0237
    0.6388    0.3444
    1.3372    0.0236
    1.1423    0.0321
    0.6704    0.2150
    1.3201    0.0156
    1.3876    0.0056
    1.2776    0.0018
    0.6286    0.3029
    0.7391    0.1126
    0.6860    0.1829
    0.9093    0.2001
    1.3458    0.0102
    1.1081    0.0082
    1.0879    0.0118
    0.5733    0.3153
    1.4185    0.0000
    0.6748    0.3342
    1.1566    0.0203
    1.2550    0.0280
    1.3730    0.0171
    1.1781    0.0750
    1.3524    0.0231
    1.0973    0.0450
    0.9793    0.0455
    0.8433    0.0170
    1.3433    0.0089
    1.2157    0.0139
    1.0472    0.0905
    0.7919    0.1247
    1.3448    0.0121
    1.2920    0.0401
    1.2421    0.0351
    1.2760    0.0180
    0.6132    0.2556
    1.2547    0.0311
    1.3185    0.0177
    0.8548    0.1516
    1.3947    0.0025
    1.2290    0.0530
    1.3684    0.0126
    1.2690    0.0305
    1.3608    0.0152
    1.2510    0.0151
    1.1973    0.0154
    1.2851    0.0022
    1.2850    0.0315
    1.2481    0.0015
    0.9610    0.0840
    0.5884    0.1903
    1.2451    0.0249
    1.3357    0.0045
    1.4276    0.0027
    0.9173    0.1308
    1.2396    0.0180
    1.2821    0.0175
    1.1812    0.0633
    1.2951    0.0072
    1.2299    0.0258
    1.3886    0.0005
    1.1571    0.0000
    1.2376    0.0261
    1.4636    0.0005
    0.6086    0.4760
    0.7411    0.2691
    1.0362    0.0292
    0.7943    0.1979
    1.4311    0.0071
    0.7225    0.3465
    1.3252    0.0141
    1.2261    0.0090
    1.1378    0.0385
    1.3624    0.0067
    1.3785    0.0000
    1.3785    0.0000
    1.0810    0.0319
    1.3956    0.0180
    0.9671    0.0010
    1.0119    0.0676
    1.2566    0.0162
    1.2416    0.0505
    1.0383    0.0512
    0.9586    0.0704
    1.0761    0.0469
    1.0135    0.0584
    1.0206    0.1036
    1.1428    0.0559
    1.2640    0.0380
    1.1531    0.0203
    0.9057    0.1184
    1.3488    0.0092
    0.7166    0.0498
    0.6855    0.1750
    1.2650    0.0119
    1.1659    0.0360
    0.4586    0.3262
    1.3297    0.0010
    1.4540    0.0031
    1.2382    0.0449
    0.8958    0.2227
    0.7425    0.2305
    1.0885    0.0295
    0.7428    0.1962
    1.4018    0.0202
    0.8501    0.1929
    1.0957    0.0513
    0.6269    0.3497
    1.2966    0.0076
    1.2102    0.0216
    1.1408    0.0816
    1.0854    0.0105
    1.1581    0.0024
    1.4565    0.0066
    1.3367    0.0120
    1.3237    0.0263
    1.1923    0.0362
    1.3441    0.0192
    1.3262    0.0241
    0.9226    0.0521
    0.6837    0.2144
    0.6210    0.4438
    1.2761    0.0031
    1.3181    0.0206
    1.3947    0.0056
    1.0385    0.0595
    1.0322    0.0718
    1.3262    0.0107
    1.4458    0.0015
    0.7151    0.1491
    1.2002    0.0101
    0.4708    0.4360
    1.1022    0.0807
    0.7464    0.1541
    0.9957    0.1411
    0.6133    0.3565
    0.8698    0.1221
    1.1201    0.0495
    1.1158    0.0206
    1.0727    0.0442
    1.2896    0.0230
    0.9495    0.1368
    1.3765    0.0081
    0.8446    0.0913
    1.0780    0.0320
    1.2546    0.0157
    1.2731    0.0005
    1.1998    0.0329
    1.3678    0.0210
    0.6850    0.1521
    0.6610    0.1844
    1.2376    0.0071
    1.0470    0.0087
    0.3178    0.0203
    0.7606    0.1857
    1.2554    0.0177
    0.7046    0.1534
    1.0629    0.1048
    1.1680    0.0040
    1.2104    0.0429
    0.7566    0.2372
    1.1734    0.0481
    1.3498    0.0258
    1.1662    0.0624
    0.5435    0.4406
    1.2841    0.0085
    0.9093    0.0954
    1.0795    0.0028
    0.8904    0.0647
    1.1933    0.0221
    1.0009    0.0376
    1.3171    0.0087
    1.3352    0.0071
    1.1526    0.0222
    0.5687    0.2618
    1.3438    0.0042
    0.7768    0.0856
    1.4144    0.0203
    1.2781    0.0049
    0.5630    0.2498
    1.1123    0.0260
    1.2182    0.0144
    0.5410    0.3436
    0.6322    0.2250
    0.9108    0.0638
    0.6214    0.1624
    1.3901    0.0020
    1.3483    0.0101
    0.6505    0.3450
    0.3182    0.1323
    0.9085    0.0217
    1.2037    0.0108
    1.3589    0.0116
    1.0590    0.0698
    1.2665    0.0160
    1.4256    0.0020
    1.2976    0.0268
    1.2581    0.0184
    0.9885    0.1059
    1.3811    0.0053
    1.3167    0.0147
    0.8528    0.1589
    0.7888    0.2021
    0.8411    0.1963
    1.2213    0.0563
    1.0290    0.0681
    1.1244    0.0109
    0.6822    0.4188
    1.2436    0.0075
    1.0175    0.0236
    1.4347    0.0010
    0.9923    0.1494
    1.3533    0.0007
    1.0269    0.0434
    0.9671    0.1667
    1.2256    0.0174
    0.7500    0.2825
    0.9563    0.0459
    1.0406    0.0325
    1.0324    0.0667
    1.1308    0.0049
    1.2774    0.0192
    1.2851    0.0143
    1.3820    0.0123
    1.1366    0.0393
    1.3825    0.0145
    1.1650    0.0149
    0.6552    0.3101
    1.3851    0.0283
    1.3101    0.0237
    1.3297    0.0023
    1.1869    0.0478
    1.0765    0.0109
    1.4129    0.0071
    1.2545    0.0140
    0.9840    0.1503
    1.3579    0.0191
    1.0706    0.0013
    1.0978    0.0391
    1.1728    0.0556
    1.2621    0.0013
    0.8620    0.1516
    1.4392    0.0025
    0.5302    0.3206
    0.6230    0.3320
    1.2870    0.0148
    0.9127    0.0887
    0.9018    0.0558
    1.2553    0.0237
    1.0764    0.0586
    1.1770    0.0429
    1.2082    0.0110
    1.1398    0.0073
    0.7597    0.3132
    0.7305    0.3497
    0.7893    0.0871
    1.4118    0.0165
    0.8632    0.0068
    0.6660    0.1982
    0.9954    0.1054
    1.1706    0.0743
    1.3942    0.0024
    1.3669    0.0030
    0.6282    0.2871
    1.3341    0.0205
    0.6499    0.2745
    1.3795    0.0026
    0.9876    0.0457
    1.0319    0.0696
    0.5648    0.5441
    1.2058    0.0509
    0.9056    0.0297
    0.8499    0.1861
    1.3528    0.0076
    1.0510    0.0635
    1.2407    0.0521
    1.1934    0.0383
    1.3372    0.0070
    1.1294    0.0082
    1.3478    0.0082
    1.3599    0.0028
    1.2886    0.0085
    1.3026    0.0156
    1.1064    0.0396
    1.3841    0.0044
    1.0378    0.0295
    1.1958    0.0006
    1.2866    0.0224
    0.7907    0.2223
    1.1625    0.0085
    0.7250    0.2166
    1.2485    0.0294
    0.5279    0.3175
    1.3006    0.0025
    0.8023    0.2166
    1.2132    0.0252
    0.9500    0.1190
    1.2656    0.0135
    1.3191    0.0146
    1.1748    0.0379
    1.0554    0.1330
    0.9940    0.0270
    0.9295    0.0425
    1.4109    0.0081
    1.2540    0.0280
    1.2775    0.0185
    1.2636    0.0031
    0.9300    0.0276
    0.9578    0.0028
    1.3765    0.0066
    1.1027    0.0332
    0.6681    0.2219
    1.3199    0.0279
    1.2396    0.0190
    0.6566    0.4328
    0.7524    0.2316
    0.7478    0.1773
    0.8037    0.1442
    1.2966    0.0185
    1.2901    0.0010
    1.2281    0.0075
    1.1898    0.0594
    0.7544    0.0855
    1.2327    0.0324
    1.1506    0.0069
    0.6244    0.2870
    1.1809    0.0283
    1.2101    0.0498
    0.2942    0.2190
    0.7494    0.1395
    0.5500    0.3857
    0.7412    0.1405
    1.3342    0.0093
    0.9692    0.1057
    0.8451    0.1619
    1.1041    0.0675
    1.2206    0.0468
    1.3563    0.0222
    1.2461    0.0180
    1.3297    0.0286
    1.3765    0.0076
    1.1883    0.0008
    1.2296    0.0004
    0.9595    0.0868
    1.2534    0.0195
    1.1055    0.0174
    0.6544    0.2194
    1.1481    0.0272
    1.1417    0.0154
    0.6649    0.2263
    0.5427    0.2798
    1.2846    0.0090
    0.5312    0.3965
    0.9710    0.0220
    1.1218    0.0202
    1.0099    0.0591
    0.4754    0.2585
    0.4934    0.3388
    1.0427    0.0447
    1.2725    0.0129
    1.3144    0.0262
    0.7597    0.1502
    1.2310    0.0168
    0.6765    0.1458
    1.1362    0.0376
    1.1199    0.0106
    1.1225    0.0304
    1.3609    0.0218
    1.3121    0.0100
    1.3866    0.0227
    1.1849    0.0139
    1.2173    0.0545
    1.0963    0.0207
    1.1002    0.0268
    1.3247    0.0246
    1.1353    0.0168
    1.4261    0.0093
    1.0541    0.1355
    1.0618    0.0442
    1.2951    0.0015
    1.2162    0.0099
    0.5301    0.4387
    1.0266    0.0855
    1.0293    0.0041
    1.3538    0.0287
    1.3357    0.0055
    0.5670    0.4914
    0.9069    0.1003
    1.1963    0.0326
    1.2356    0.0035
    1.2281    0.0000
    1.2985    0.0127
    1.2921    0.0029
    0.9227    0.1146
    0.9366    0.0703
    1.2581    0.0020
    1.2956    0.0116
    1.1811    0.0623
    1.2470    0.0104
    0.8518    0.0741
    0.4258    0.3724
    1.0997    0.0192
    1.3422    0.0347
    1.1132    0.0586
    1.2606    0.0010
    0.9894    0.0480
    0.8560    0.0240
    1.2691    0.0130
    1.2495    0.0484
    1.3408    0.0062
    0.6570    0.2855
    1.2580    0.0210
    0.6264    0.1813
    1.3081    0.0005
    1.2023    0.0014
    1.4499    0.0076
    0.9606    0.0621
    0.9844    0.0593
    0.7703    0.1362
    1.1937    0.0373
    1.2991    0.0185
    0.7433    0.2873
    1.2281    0.0362
    0.7826    0.0928
    0.9448    0.0913
    1.2651    0.0130
    1.4413    0.0033
    1.2901    0.0020
    1.0677    0.0242
    1.3171    0.0035
    0.9378    0.1135
    1.1963    0.0159
    0.9910    0.0299
    1.0042    0.1353
    1.2446    0.0359
    1.1516    0.0054
    0.5626    0.4343
    1.4002    0.0106
    1.2676    0.0260
    0.9470    0.0139
    1.2064    0.0263
    1.0863    0.0463
    1.3004    0.0411
    1.2781    0.0033
    1.0374    0.0406
    1.3277    0.0085
    0.8240    0.1843
    0.8769    0.1261
    1.3674    0.0067
    1.1357    0.0155
    1.3146    0.0156
    1.2077    0.0084
    1.4296    0.0106
    1.1433    0.0323
    0.8261    0.1519
    0.8302    0.1222
    0.7374    0.1424
    1.1066    0.0059
    1.3413    0.0040
    1.3206    0.0161
    1.3262    0.0147
    1.3725    0.0005
    1.0088    0.0494
    1.2486    0.0247
    1.4094    0.0115
    0.9812    0.0421
    1.4165    0.0124
    1.2649    0.0188
    1.0820    0.0652
    1.2321    0.0299
    1.2336    0.0070
    0.9071    0.1111
    1.3387    0.0096
    1.2176    0.0299
    1.1753    0.0148
    1.3262    0.0160
    1.1056    0.0579
    1.1912    0.0193
    0.6778    0.1821
    1.1789    0.0149
    1.1484    0.0255
    0.9400    0.1649
    1.2351    0.0072
    0.9494    0.0528
    1.4332    0.0167
    1.1117    0.0968
    1.1027    0.0364
    0.9176    0.0844
    1.1789    0.0089
    1.1353    0.0028
    1.2976    0.0338
    1.2636    0.0029
    1.0423    0.0644
    1.3633    0.0131
    0.8460    0.1564
    0.9943    0.1448
    1.0647    0.0118
    1.1849    0.0203
    0.7262    0.2066
    1.2846    0.0055
    0.5753    0.2955
    1.4519    0.0009
    1.3528    0.0054
    1.4306    0.0010
    1.0579    0.0310
    1.1511    0.0121
    0.7408    0.1503
    0.7309    0.1699
    1.1311    0.0241
    0.3514    0.2485
    1.1042    0.0033
    1.2811    0.0170
    1.3523    0.0013
    1.1160    0.0188
    1.2987    0.0326
    1.0152    0.0271
    0.9238    0.1620
    0.8557    0.1026
    0.4791    0.3718
    0.8631    0.2131
    1.1763    0.0701
    1.0943    0.0342
    1.2132    0.0234
    1.1809    0.0228
    1.3423    0.0174
    0.5126    0.4949
    0.8869    0.0178
    1.2121    0.0133
    1.3892    0.0195
    0.8903    0.0344
    0.6793    0.2240
    1.3902    0.0097
    1.1849    0.0239
    1.0162    0.0618
    0.9158    0.0419
    1.1842    0.0581
    1.0567    0.0487
    0.9267    0.0780
    1.2111    0.0433
    1.3639    0.0004
    1.2072    0.0045
    1.1918    0.0174
    1.0733    0.0624
    1.2236    0.0369
    1.0386    0.0496
    0.7360    0.1384
    0.7294    0.3828
    1.1946    0.0411
    0.5539    0.3432
    1.2356    0.0015
    1.3177    0.0089
    1.0327    0.0081
    1.2650    0.0215
    1.2730    0.0440
    1.0839    0.0044
    1.3664    0.0004
    1.1886    0.0725
    1.3518    0.0131
    1.3166    0.0037
    0.9149    0.1769
    0.7875    0.1773
    1.2346    0.0209
    1.1610    0.0138
    1.3186    0.0120
    1.3111    0.0020
    1.2991    0.0259
    1.3826    0.0106
    1.1111    0.0245
    0.9628    0.0638
    1.1610    0.0054
    1.2741    0.0282
    1.3669    0.0026
    0.9619    0.0953
    1.2192    0.0013
    1.2843    0.0265
    1.1313    0.0282
    0.7821    0.2178
    1.3998    0.0142
    1.1873    0.0089
    1.4067    0.0169
    1.2182    0.0332
    1.3176    0.0080
    1.0846    0.0710
    0.9785    0.0506
    1.1299    0.0049
    1.2330    0.0148
    1.1753    0.0481
    1.0760    0.0207
    1.3302    0.0174
    1.2051    0.0187
    1.0061    0.0573
    0.9470    0.0571
    1.3151    0.0046
    0.7699    0.1035
    1.2031    0.0587
    1.2806    0.0115
    0.9994    0.0215
    1.2920    0.0144
    1.3014    0.0223
    1.1284    0.0150
    1.3569    0.0015
    1.1046    0.0222
    1.2758    0.0437
    1.3699    0.0197
    1.1341    0.0792
    1.3112    0.0272
    0.6610    0.0299
    0.3894    0.3766
    0.8679    0.1614
    1.2601    0.0070
    1.2471    0.0140
    1.1834    0.0330
    1.2801    0.0273
    1.2791    0.0134
    1.3791    0.0253
    1.3810    0.0252
    1.1050    0.0947
    1.1719    0.0098
    0.6328    0.0084
    1.1104    0.0843
    1.3453    0.0247
    1.1126    0.0372
    0.7042    0.2549
    1.1175    0.0119
    1.2078    0.0333
    1.2856    0.0043
    1.3901    0.0112
    1.2886    0.0120
    1.2913    0.0273
    1.1625    0.0223
    0.6839    0.1908
    1.2926    0.0020
    1.2186    0.0403
    1.1999    0.0314
    1.3102    0.0295
    1.2569    0.0200
    1.1844    0.0402
    0.8453    0.1217
    1.3891    0.0049
    1.1175    0.0241
    1.2464    0.0222
    0.9221    0.0595
    1.2331    0.0004
    0.7357    0.2497
    1.3947    0.0116
    1.2881    0.0200
    1.3821    0.0020
    1.0022    0.0583
    0.8660    0.2052
    1.2630    0.0455
    1.0066    0.0667
    0.7265    0.2259
    1.2023    0.0060
    0.9790    0.0733
    1.2247    0.0171
    1.3121    0.0048
    1.4352    0.0004
    1.2791    0.0040
    0.7023    0.3659
    0.8028    0.0756
    0.9473    0.0850
    1.3393    0.0071
    0.8297    0.2558
    0.7223    0.2506
    1.2705    0.0373
    1.1596    0.0081
    0.6686    0.2696
    1.1489    0.0538
    0.5326    0.4593
    0.9513    0.1074
    0.9443    0.0685
    1.4271    0.0004
    0.8378    0.0937
    1.3423    0.0125
    1.2861    0.0013
    1.0584    0.0524
    0.9163    0.2097
    0.8664    0.0953
    0.6652    0.1901
    1.4017    0.0137
    0.3940    0.3106
    0.9740    0.1271
    1.3152    0.0366
    0.9964    0.0421
    0.9864    0.0955
    1.0338    0.0251
    1.0167    0.0499
    1.3212    0.0067
    0.9324    0.0093
    1.3428    0.0058
    1.3267    0.0259
    1.4372    0.0066
    1.1600    0.0377
    0.5318    0.2730
    1.2216    0.0358
    1.2581    0.0004
    1.2202    0.0015
    1.2830    0.0190
    0.6048    0.2406
    1.3156    0.0141
    0.8624    0.1386
    1.2266    0.0149
    1.1467    0.0076
    0.4948    0.2343
    1.1603    0.0253
    0.9792    0.1587
    1.0351    0.1069
    1.1610    0.0059
    0.9592    0.1384
    1.3674    0.0151
    1.2046    0.0179
    1.2661    0.0202
    0.9265    0.1376
    1.2521    0.0065
    1.2656    0.0211
    1.2142    0.0005
    0.7956    0.2520
    0.6190    0.4254
    1.1470    0.0200
    1.1287    0.0187
    1.4535    0.0053
    1.1953    0.0474
    0.5777    0.4695
    0.8786    0.0995
    1.0681    0.0478
    1.2891    0.0022
    1.2450    0.0104
    1.0166    0.0302
    1.2665    0.0305
    1.2931    0.0065
    1.2098    0.0464
    1.2027    0.0120
    1.3977    0.0076
    1.3423    0.0120
    0.5865    0.3594
    1.0638    0.0310
    1.2430    0.0359
    1.2421    0.0090
    1.3217    0.0014
    0.5542    0.4295
    0.8828    0.0392
    0.7668    0.1306
    1.1098    0.0778
    1.2805    0.0123
    1.3418    0.0009
    1.2676    0.0139
    1.0986    0.0174
    1.0765    0.0507
    1.4246    0.0137
    1.1021    0.1027
    1.3911    0.0162
    1.3322    0.0126
    0.6777    0.4134
    1.0421    0.0009
    0.9612    0.1139
    1.1764    0.0035
    0.9152    0.1092
    0.8574    0.0510
    0.5786    0.2664
    1.3016    0.0076
    1.1458    0.0611
    1.3498    0.0123
    0.3963    0.3541
    1.3272    0.0161
    1.3096    0.0226
    0.9623    0.0418
    1.3086    0.0049
    1.0824    0.0149
    0.7749    0.2018
    0.7653    0.1465
    1.2491    0.0155
    1.3609    0.0097
    1.4255    0.0070
    1.0151    0.0197
    0.7071    0.2707
    0.5872    0.2621
    1.3166    0.0080
    0.9578    0.0917
    0.9415    0.0693
    1.2826    0.0352
    0.8701    0.0513
    1.2940    0.0406
    1.1635    0.0342
    1.1744    0.0238
    0.9203    0.0664
    0.9822    0.1034
    0.5968    0.3419
    1.3684    0.0036
    1.0790    0.0465
    1.2260    0.0618
    1.3493    0.0018
    1.3407    0.0101
    1.1868    0.0060
    1.0347    0.0182
    0.4462    0.2784
    1.0343    0.0288
    0.4806    0.4131
    0.7077    0.2629
    1.1722    0.0254
    0.9547    0.0670
    1.3705    0.0067
    1.1603    0.0733
    0.7171    0.1389
    0.6700    0.3356
    1.2318    0.0269
    1.3036    0.0011
    1.2705    0.0285
    1.0789    0.0119
    1.0465    0.0108
    1.3101    0.0246
    1.3443    0.0080
    1.2360    0.0578
    1.2361    0.0054
    1.1447    0.0018
    1.3916    0.0155
    0.4804    0.3915
    1.2221    0.0356
    1.1582    0.0295
    1.1987    0.0467
    1.1061    0.0098
    0.8428    0.0607
    0.4597    0.2848
    0.9632    0.0404
    1.2986    0.0105
    1.3584    0.0093
    0.8938    0.0114
    1.2092    0.0494
    1.1607    0.0436
    0.8214    0.0553
    1.2326    0.0112
    1.1164    0.0632
    0.7245    0.1737
    0.6756    0.2882
    0.9741    0.0912
    1.3228    0.0433
    1.0741    0.0082
    1.2032    0.0209
    1.2856    0.0072
    1.0211    0.0517
    1.0071    0.0718
    1.3116    0.0034
    1.4013    0.0049
    1.3896    0.0102
    0.7885    0.1394
    0.8725    0.0282
    0.5536    0.3963
    0.9686    0.0049
    1.3398    0.0089
    1.0223    0.0477
    1.1437    0.0096
    1.3745    0.0004
    1.2401    0.0076
    1.4013    0.0022
    1.2196    0.0433
    1.2681    0.0260
    0.9730    0.0201
    0.9118    0.1086
    0.9449    0.1070
    1.4509    0.0053
    0.9462    0.1370
    1.1155    0.0262
    1.3099    0.0240
    0.6930    0.0518
    0.7114    0.3070
    1.2436    0.0005
    0.6442    0.1741
    1.0737    0.0424
    0.6338    0.3055
    1.0376    0.0550
    0.9543    0.0626
    0.5473    0.3465
    1.3076    0.0221
    0.9038    0.2265
    0.9640    0.0345
    0.6084    0.4266
    1.1928    0.0054
    1.0503    0.0865
    1.2065    0.0426
    1.3146    0.0191
    1.4134    0.0015
    1.1290    0.0266
    1.4281    0.0066
    1.3952    0.0066
    1.2810    0.0225
    1.3096    0.0331
    1.3528    0.0176
    0.9163    0.1080
    0.9083    0.0949
    0.8159    0.0717
    1.1256    0.0265
    0.5424    0.3437
    1.3886    0.0007
    1.2311    0.0020
    1.3423    0.0091
    1.1158    0.0409
    0.7945    0.2050
    0.9931    0.1033
    1.4149    0.0116
    1.1190    0.0050
    0.6910    0.3555
    0.6945    0.2104
    1.3298    0.0379
    1.2341    0.0374
    0.8541    0.1859
    1.3836    0.0072
    1.1416    0.0673
    0.9481    0.1168
    1.2420    0.0143
    1.0617    0.0480
    1.3086    0.0095
    0.5899    0.3933
    1.0524    0.0132
    1.0531    0.0666
    0.8714    0.1496
    1.2098    0.0392
    1.2936    0.0090
    1.1635    0.0129
    1.2376    0.0090
    1.4433    0.0093
    0.8871    0.0302
    1.1046    0.0120
    1.4129    0.0030
    1.1412    0.0178
    1.3166    0.0014
    1.2057    0.0274
    1.2726    0.0358
    1.3136    0.0135
    1.3051    0.0276
    1.3614    0.0035
    1.1932    0.0162
    1.3041    0.0105
    1.0588    0.0009
    1.2317    0.0409
    1.2756    0.0031
    1.1254    0.0086
    1.1452    0.0030
    1.1388    0.0353
    1.2911    0.0183
    0.7205    0.0914
    1.2481    0.0170
    0.9646    0.0411
    1.3483    0.0007
    0.9578    0.0129
    1.2633    0.0249
    1.3352    0.0026
    1.0982    0.0331
    1.1816    0.0427
    0.7057    0.2991
    0.7862    0.0265
    1.2232    0.0063
    1.1457    0.0358
    1.1611    0.0321
    0.9152    0.0539
    1.2560    0.0285
    0.4730    0.4565
    1.1432    0.0227
    1.4134    0.0137
    1.2251    0.0139
    0.9080    0.0988
    1.3055    0.0164
    1.1754    0.0063
    0.9797    0.0895
    0.6937    0.3667
    1.3312    0.0351
    1.3342    0.0018
    1.4083    0.0035
    1.2926    0.0005
    0.8648    0.1450
    1.2723    0.0249
    1.1591    0.0249
    1.2981    0.0000
    1.2241    0.0028
    0.5959    0.0323
    0.9153    0.0064
    0.7566    0.2374
    0.3814    0.1952
    0.6895    0.1320
    1.3468    0.0146
    1.1172    0.0636
    1.1402    0.0302
    1.1660    0.0050
    1.0206    0.0289
    1.0475    0.0237
    1.3982    0.0076
    0.9746    0.1067
    1.2776    0.0035
    1.2221    0.0117
    0.8480    0.2016
    1.2471    0.0323
    1.2341    0.0015
    0.6305    0.0762
    1.1531    0.0213
    1.0958    0.0232
    0.8656    0.1169
    1.3121    0.0101
    1.2545    0.0305
    1.2371    0.0364
    0.8645    0.0899
    1.2226    0.0433
    1.3339    0.0272
    1.1464    0.0268
    1.3202    0.0290
    1.0288    0.0108
    1.2911    0.0004
    0.6087    0.2497
    0.9422    0.0322
    1.2217    0.0171
    0.9008    0.0433
    1.3433    0.0025
    0.8045    0.3091
    1.3317    0.0121
    0.6286    0.1670
    1.2003    0.0216
    1.1926    0.0727
    1.3806    0.0009
    0.7530    0.1750
    1.3220    0.0187
    0.7456    0.1314
    1.3182    0.0232
    0.3905    0.2289
    1.3261    0.0100
    1.3001    0.0135
    0.9391    0.0341
    1.1368    0.0323
    0.8162    0.1328
    1.3836    0.0061
    1.3061    0.0116
    1.2042    0.0279
    1.2956    0.0112
    1.0364    0.0259
    1.0746    0.0228
    1.2835    0.0195
    1.4002    0.0212
    1.0621    0.0620
    0.5761    0.1006
    1.1456    0.0168
    1.2146    0.0513
    1.1521    0.0094
    1.3730    0.0086
    0.9071    0.0249
    0.4872    0.4772
    1.3728    0.0228
    0.7886    0.1259
    1.0935    0.0418
    1.3031    0.0150
    1.0033    0.0011
    0.9919    0.0464
    0.8676    0.1337
    1.1059    0.0882
    1.3715    0.0151
    0.6626    0.2009
    1.1423    0.0737
    0.6653    0.2802
    1.0932    0.0983
    1.2851    0.0052
    1.2421    0.0076
    1.1276    0.0758
    1.2099    0.0258
    0.8799    0.0457
    0.9520    0.0184
    1.3312    0.0281
    0.7534    0.1169
    1.2021    0.0401
    1.3307    0.0036
    1.2356    0.0060
    1.1422    0.0150
    1.1055    0.0203
    0.7198    0.1748
    1.4418    0.0000
    0.6863    0.3158
    0.8394    0.1273
    0.9277    0.1338
    1.2216    0.0094
    1.1984    0.0483
    1.2866    0.0161
    1.0583    0.0187
    0.6795    0.3819
    1.4169    0.0015
    1.1853    0.0343
    1.1874    0.0172
    0.9812    0.1628
    1.4641    0.0020
    1.0797    0.0647
    0.9328    0.1095
    0.4137    0.3415
    1.2034    0.0532
    1.0450    0.0216
    1.1295    0.0662
    1.3875    0.0170
    1.4068    0.0039
    1.4018    0.0102
    1.1536    0.0217
    0.7049    0.2771
    1.3372    0.0058
    1.4169    0.0106
    1.1228    0.0529
    0.9030    0.2163
    1.2061    0.0482
    0.9542    0.0937
    1.1451    0.0490
    0.9370    0.1199
    0.5362    0.3038
    1.1412    0.0109
    0.9691    0.0516
    0.5831    0.1786
    1.2866    0.0004
    0.4406    0.3785
    0.8088    0.1527
    0.8103    0.0383
    1.4038    0.0030
    1.3574    0.0101
    0.7736    0.0014
    1.1549    0.0222
    1.2500    0.0280
    1.1924    0.0393
    1.0490    0.0290
    1.3391    0.0224
    1.1561    0.0077
    1.1814    0.0212
    1.0484    0.1045
    1.1631    0.0461
    1.2566    0.0105
    1.0627    0.1341
    1.3831    0.0086
    1.1754    0.0129
    1.3036    0.0112
    1.2033    0.0104
    0.7871    0.1428
    1.3559    0.0044
    0.6386    0.0226
    1.0009    0.0174
    1.3106    0.0138
    1.0699    0.0405
    1.1328    0.0055
    0.7775    0.1677
    1.3101    0.0013
    0.8031    0.0121
    1.1260    0.0404
    1.3649    0.0040
    1.0720    0.0163
    0.9404    0.0942
    1.2831    0.0184
    0.5071    0.3429
    0.8905    0.0397
    1.0166    0.1180
    1.3684    0.0060
    0.7593    0.2215
    1.1140    0.0126
    1.1863    0.0009
    1.1289    0.0077
    0.9037    0.1794
    0.9513    0.1609
    1.2261    0.0314
    0.9001    0.0126
    1.3387    0.0181
    0.9491    0.0363
    1.0421    0.0338
    1.1538    0.0665
    1.2261    0.0045
    0.8966    0.0849
    0.7362    0.1811
    1.2182    0.0209
    0.9583    0.0045
    1.1685    0.0035
    1.4423    0.0081
    1.2836    0.0120
    0.9105    0.0465
    0.6842    0.2602
    0.4521    0.4454
    0.9622    0.1015
    1.0495    0.0397
    1.1637    0.0262
    1.0141    0.0540
    0.9677    0.0667
    1.0397    0.0388
    0.6983    0.3508
    0.7541    0.1561
    1.3795    0.0027
    0.4861    0.4553
    0.6283    0.2822
    1.2981    0.0045
    1.2092    0.0139
    0.9538    0.0655
    1.3166    0.0085
    1.2919    0.0219
    1.1285    0.0499
    1.0205    0.0319
    0.9658    0.0789
    1.0327    0.0305
    1.0342    0.0638
    0.4587    0.4074
    1.0111    0.0353
    0.8629    0.0389
    1.2730    0.0175
    1.1195    0.0040
    0.9964    0.0382
    0.6864    0.2811
    0.6482    0.0130
    1.1353    0.0077
    0.4544    0.4042
    0.9977    0.0925
    1.1314    0.0231
    1.2172    0.0040
    1.2781    0.0095
    0.6451    0.4074
    1.3937    0.0030
    0.5427    0.3160
    1.2561    0.0040
    1.2941    0.0060
    1.1150    0.0222
    1.1040    0.0592
    1.0096    0.0159
    1.2931    0.0115
    1.2390    0.0419
    1.3972    0.0053
    0.4130    0.3526
    0.9563    0.0165
    1.2237    0.0261
    0.8797    0.1126
    0.4515    0.2514
    1.1185    0.0118
    1.0156    0.1187
    1.0250    0.1056
    0.7078    0.0641
    1.0014    0.1264
    0.9656    0.0819
    1.1605    0.0089
    1.0440    0.0585
    1.4266    0.0005
    0.6394    0.3159
    0.8134    0.0667
    0.6769    0.1793
    1.0194    0.0618
    1.3096    0.0085
    1.2572    0.0283
    1.0855    0.0482
    1.4013    0.0071
    1.3428    0.0073
    1.2252    0.0436
    0.4446    0.3494
    0.8680    0.1878
    0.4763    0.1925
    1.2018    0.0005
    1.0119    0.0810
    1.3337    0.0146
    1.1623    0.0536
    1.1236    0.0653
    0.5519    0.3809
    1.2601    0.0031
    1.2060    0.0244
    1.1218    0.0830
    1.2521    0.0211
    0.5517    0.3602
    0.5485    0.3106
    1.3705    0.0155
    0.6544    0.2525
    1.4023    0.0047
    1.2580    0.0079
    1.3326    0.0151
    0.6421    0.3436
    1.3433    0.0191
    0.8812    0.0976
    1.2351    0.0095
    1.2685    0.0091
    0.9867    0.0243
    1.0748    0.0514
    0.8449    0.1233
    1.1567    0.0742
    1.1857    0.0164
    1.3977    0.0096
    1.3453    0.0022
    0.6370    0.4363
    0.9544    0.0029
    1.1724    0.0342
    1.1012    0.0158
    1.0979    0.0957
    1.0334    0.0544
    0.7787    0.3387
    1.3151    0.0122
    1.2094    0.0454
    0.7636    0.0874
    1.2501    0.0004
    1.3503    0.0156
    1.3675    0.0151
    0.9803    0.1704
    1.3942    0.0101
    1.2575    0.0147
    1.1026    0.0449
    0.9223    0.0571
    1.0527    0.0812
    1.4387    0.0057
    0.6441    0.3376
    1.3109    0.0231
    1.1547    0.0466
    1.3101    0.0351
    1.2995    0.0127
    1.1115    0.0078
    1.3583    0.0130
    1.2246    0.0443
    1.3775    0.0015
    0.6753    0.3923
    1.2800    0.0067
    1.3770    0.0141
    0.4189    0.2459
    1.2809    0.0177
    1.2292    0.0234
    1.3227    0.0136
    1.1407    0.0208
    0.5329    0.4485
    0.7932    0.0855
    1.2326    0.0093
    1.1412    0.0123
    1.1611    0.0332
    1.0748    0.0852
    1.2530    0.0300
    0.9729    0.1088
    0.6732    0.1054
    1.1492    0.0208
    1.2351    0.0238
    0.8969    0.1022
    1.3614    0.0151
    0.8480    0.1127
    0.9573    0.0216
    1.3447    0.0282
    1.0505    0.0274
    1.3402    0.0117
    1.1695    0.0090
    0.8519    0.2041
    0.5243    0.3876
    0.9288    0.1017
    1.2941    0.0035
    1.3805    0.0172
    1.1685    0.0067
    1.2013    0.0025
    1.2481    0.0046
    0.5434    0.3793
    0.6091    0.1468
    1.2740    0.0240
    1.2890    0.0451
    0.7607    0.1789
    0.9485    0.0020
    1.2072    0.0060
    1.2465    0.0516
    1.1639    0.0511
    0.6601    0.3362
    1.1893    0.0189
    0.8245    0.1701
    0.8508    0.0814
    0.8581    0.0869
    0.8849    0.1565
    1.2516    0.0215
    0.6794    0.2423
    0.9324    0.0683
    0.8079    0.0518
    1.0167    0.0567
    1.1299    0.0313
    1.2386    0.0097
    1.4082    0.0172
    1.2271    0.0373
    0.4593    0.2209
    1.3368    0.0374
    0.6960    0.1766
    0.9194    0.0482
    1.3579    0.0093
    0.5655    0.2878
    0.9481    0.0326
    1.1602    0.0602
    1.2276    0.0117
    1.1307    0.0569
    0.9931    0.0467
    1.1561    0.0358
    0.7101    0.1804
    0.3701    0.1671
    1.3503    0.0005
    1.0365    0.0663
    1.0938    0.0008
    1.0049    0.1089
    1.3196    0.0126
    1.2475    0.0304
    1.0347    0.0187
    1.2611    0.0166
    1.1042    0.0799
    1.3413    0.0116
    1.2126    0.0152
    0.5605    0.4152
    1.3634    0.0109
    1.2576    0.0368
    0.4963    0.2291
    0.7344    0.1801
    0.5766    0.3073
    1.2576    0.0090
    1.2656    0.0179
    1.3175    0.0207
    1.2361    0.0162
    1.2546    0.0009
    1.2541    0.0153
    1.2496    0.0031
    0.6580    0.3531
    0.8945    0.0646
    0.5948    0.5153
    0.8939    0.1969
    0.9626    0.0338
    1.2579    0.0182
    0.9145    0.0544
    1.2586    0.0010
    1.1858    0.0134
    1.0033    0.0431
    1.3213    0.0328
    1.4565    0.0079
    1.1032    0.0395
    0.9227    0.0991
    1.2282    0.0193
    1.0996    0.0586
    1.3026    0.0041
    1.2082    0.0015
    0.7533    0.2718
    0.9493    0.1410
    1.2951    0.0015
    0.8309    0.0847
    1.0805    0.0241
    1.4422    0.0113
    1.3850    0.0152
    1.1516    0.0168
    1.3563    0.0227
    0.7141    0.1630
    1.3252    0.0015
    1.4068    0.0035
    1.1680    0.0060
    0.5314    0.3753
    0.5970    0.2798
    0.6319    0.1437
    1.1527    0.0389
    1.0085    0.0386
    1.1343    0.0258
    1.2526    0.0035
    1.3023    0.0271
    1.3071    0.0306
    1.1590    0.0243
    1.1339    0.0481
    0.5781    0.3803
    1.3361    0.0177
    1.3845    0.0174
    1.1358    0.0064
    1.1958    0.0068
    0.8896    0.1154
    1.1242    0.0615
    0.6134    0.4142
    1.2641    0.0314
    1.2555    0.0099
    1.2067    0.0018
    0.6280    0.2096
    1.0528    0.0516
    0.5639    0.1999
    0.8490    0.2376
    1.3458    0.0059
    1.3322    0.0241
    0.8075    0.1970
    1.2252    0.0360
    1.3533    0.0106
    0.9380    0.0215
    1.3217    0.0156
    0.9363    0.0527
    0.9174    0.0557
    1.3337    0.0211
    0.9726    0.0693
    0.9212    0.1244
    1.1748    0.0466
    1.3051    0.0134
    1.0930    0.0646
    1.3694    0.0088
    0.6904    0.3533
    1.0072    0.0348
    0.7736    0.0155
    1.1526    0.0045
    0.4510    0.4033
    1.0552    0.0674
    1.3598    0.0180
    1.4220    0.0052
    0.9622    0.0197
    0.8753    0.2302
    0.6338    0.4341
    0.6750    0.2391
    1.3755    0.0146
    1.3669    0.0119
    1.0088    0.0572
    1.1308    0.0100
    1.0839    0.0168
    0.6224    0.2761
    0.6564    0.2127
    0.9648    0.1414
    1.2711    0.0354
    0.5473    0.3356
    1.1042    0.0404
    1.3401    0.0227
    1.0520    0.0516
    1.1297    0.0717
    1.1928    0.0134
    0.7937    0.2102
    1.2605    0.0134
    1.1444    0.0270
    0.9202    0.0332
    1.0920    0.0626
    1.3172    0.0330
    0.9724    0.0396
    0.8563    0.1040
    0.9827    0.0122
    1.4327    0.0086
    0.9115    0.1194
    1.3553    0.0104
    1.2202    0.0011
    1.2371    0.0299
    1.1348    0.0109
    1.4357    0.0119
    0.6757    0.3341
    0.9258    0.0898
    1.2113    0.0545
    1.1814    0.0339
    0.9409    0.0805
    1.1851    0.0765
    0.8738    0.0974
    0.9883    0.1048
    0.7482    0.1418
    1.0462    0.1033
    0.5842    0.3995
    1.4580    0.0000
    0.9280    0.1685
    1.1340    0.0676
    1.2087    0.0063
    0.7034    0.3856
    1.2926    0.0065
    1.0108    0.0654
    0.9720    0.0929
    1.2446    0.0139
    1.2461    0.0080
    0.8104    0.1357
    1.3011    0.0112
    1.2276    0.0199
    1.2217    0.0198
    1.0692    0.0437
    1.1042    0.0236
    1.3785    0.0067
    0.9397    0.1670
    1.1664    0.0769
    0.9769    0.0225
    1.1930    0.0250
    0.9213    0.0649
    1.2705    0.0255
    1.1904    0.0492
    0.6845    0.2327
    1.1675    0.0005
    0.8184    0.1687
    1.2640    0.0150
    0.9495    0.0913
    1.1794    0.0480
    1.3197    0.0050
    1.0913    0.0414
    0.7243    0.1383
    1.2242    0.0327
    1.4043    0.0056
    0.9878    0.0578
    1.3307    0.0303
    1.4570    0.0013
    1.1864    0.0343
    1.3252    0.0110
    1.3478    0.0160
    1.3533    0.0166
    1.2176    0.0132
    1.4028    0.0040
    1.1526    0.0240
    1.3836    0.0066
    1.1393    0.0100
    1.3831    0.0226
    1.2501    0.0120
    0.6111    0.2190
    0.7558    0.2629
    1.1482    0.0322
    1.2182    0.0020
    0.5596    0.3664
    0.5714    0.4260
    1.1521    0.0084
    0.8286    0.1677
    0.9547    0.0887
    0.8967    0.0990
    1.2811    0.0011
    1.0752    0.0270
    1.2420    0.0134
    0.8786    0.0866
    0.8566    0.0856
    1.1833    0.0128
    1.1119    0.0186
    1.0166    0.1162
    0.5543    0.3434
    1.1928    0.0224
    1.0553    0.0398
    0.7607    0.1755
    0.7862    0.1462
    1.3815    0.0169
    0.9813    0.0318
    1.0162    0.1001
    1.0415    0.0619
    1.3357    0.0040
    0.9480    0.0608
    1.1522    0.0258
    1.3463    0.0065
    0.8250    0.0557
    1.2671    0.0251
    1.3846    0.0025
    1.3790    0.0048
    1.2876    0.0067
    1.2801    0.0022
    1.3182    0.0129
    0.9281    0.0492
    1.3546    0.0267
    1.2836    0.0036
    1.2976    0.0367
    1.2247    0.0310
    1.1227    0.0249
    0.9282    0.1049
    1.3287    0.0040
    1.2034    0.0294
    1.2808    0.0277
    1.1254    0.0218
    1.2801    0.0242
    0.7828    0.0949
    1.1190    0.0195
    1.2308    0.0273
    0.5156    0.2021
    1.4362    0.0010
    1.2281    0.0229
    1.3181    0.0065
    1.0835    0.0246
    1.2651    0.0035
    1.1997    0.0348
    1.2162    0.0140
    1.2256    0.0184
    1.3639    0.0031
    1.2461    0.0065
    1.2121    0.0393
    0.9944    0.1333
    0.6964    0.2947
    0.4157    0.3808
    1.3825    0.0154
    1.3166    0.0036
    0.4531    0.3676
    1.2606    0.0095
    1.1109    0.0182
    1.4382    0.0018
    0.8969    0.1282
    1.2551    0.0060
    1.0990    0.0800
    1.3709    0.0103
    1.4164    0.0097
    1.2766    0.0020
    1.4286    0.0091
    1.1155    0.0047
    1.2987    0.0299
    1.0695    0.0594
    0.8895    0.1305
    1.2242    0.0193
    1.0293    0.0118
    1.3805    0.0161
    0.8900    0.0065
    1.4585    0.0053
    1.1665    0.0099
    0.7361    0.2638
    1.2760    0.0240
    1.0948    0.0148
    1.2894    0.0232
    1.4266    0.0071
    1.3710    0.0101
    1.3881    0.0045
    1.2866    0.0009
    0.9774    0.1674
    1.1089    0.0182
    1.0239    0.0255
    0.7251    0.1826
    1.2132    0.0005
    1.3609    0.0124
    0.5233    0.4096
    0.8513    0.1536
    1.0002    0.0961
    1.1126    0.0659
    0.7983    0.1350
    1.3051    0.0228
    1.0291    0.0768
    0.5663    0.2998
    0.9141    0.1474
    0.8721    0.0522
    0.9362    0.1411
    0.8372    0.1421
    0.7099    0.2388
    1.3498    0.0076
    1.1575    0.0609
    0.9830    0.0857
    1.0567    0.0491
    0.5956    0.1929
    1.0362    0.0285
    1.1393    0.0408
    1.3675    0.0182
    1.0330    0.0850
    1.0220    0.0357
    1.2710    0.0064
    0.4987    0.3665
    1.1918    0.0058
    0.8201    0.1933
    1.1284    0.0158
    0.9431    0.1338
    1.2187    0.0122
    0.6625    0.3170
    1.0406    0.0364
    0.5222    0.4211
    1.3463    0.0022
    1.2317    0.0454
    1.1338    0.0020
    1.3790    0.0147
    0.9901    0.0344
    0.5297    0.3337
    1.2969    0.0190
    1.1017    0.0364
    0.5332    0.2759
    1.3272    0.0156
    0.9936    0.0509
    0.9073    0.0630
    1.0081    0.0345
    1.0603    0.0861
    1.1249    0.0361
    1.1718    0.0170
    0.7455    0.1251
    1.1991    0.0597
    1.1389    0.0734
    0.7963    0.1894
    1.2171    0.0388
    0.9408    0.1172
    1.3277    0.0116
    0.5518    0.3198
    1.3272    0.0025
    1.3161    0.0196
    1.1232    0.0239
    0.4670    0.4648
    1.3654    0.0067
    0.9690    0.0098
    0.7657    0.1557
    0.7125    0.2238
    1.1630    0.0297
    1.3237    0.0005
    0.4227    0.4055
    1.1921    0.0666
    0.4720    0.0922
    1.2876    0.0277
    1.2846    0.0081
    1.2397    0.0337
    0.8716    0.0563
    1.2781    0.0020
    0.7176    0.2143
    1.2690    0.0320
    1.0073    0.0343
    1.1521    0.0391
    0.4514    0.2836
    0.6008    0.2691
    1.2891    0.0125
    1.2476    0.0230
    1.2779    0.0170
    1.4245    0.0142
    1.3498    0.0087
    1.3861    0.0120
    1.2087    0.0204
    1.1789    0.0020
    1.0726    0.0148
    1.3523    0.0182
    1.2463    0.0255
    1.0671    0.0153
    0.6342    0.3377
    1.2315    0.0543
    0.6010    0.1949
    1.2948    0.0258
    1.2471    0.0153
    1.3101    0.0035
    1.2891    0.0063
    0.9677    0.1265
    1.1857    0.0207
    0.8578    0.0627
    1.3382    0.0030
    0.5628    0.4211
    0.6827    0.2631
    0.4385    0.2616
    0.9833    0.0431
    0.8806    0.0696
    1.2946    0.0095
    1.2352    0.0317
    1.0507    0.0222
    1.3533    0.0035
    1.3448    0.0156
    1.0919    0.0439
    0.7824    0.0232
    0.9628    0.0496
    1.0982    0.0498
    1.2237    0.0060
    0.5557    0.2118
    0.8896    0.0402
    1.1916    0.0237
    1.2276    0.0015
    1.2756    0.0197
    1.0638    0.0438
    1.3397    0.0119
    1.3176    0.0071
    1.3926    0.0129
    1.4169    0.0069
    1.2691    0.0015
    1.1037    0.0382
    0.9895    0.0161
    1.1452    0.0054
    1.2536    0.0225
    1.0128    0.1373
    1.2542    0.0317
    1.1865    0.0578
    0.9023    0.0641
    1.1452    0.0204
    1.2677    0.0301
    0.8879    0.1071
    1.2327    0.0301
    1.0958    0.0382
    0.4200    0.3738
    0.6327    0.2902
    1.3126    0.0125
    0.5943    0.2828
    1.3670    0.0164
    1.3841    0.0075
    1.1917    0.0477
    0.5746    0.2557
    1.3609    0.0010
    0.7539    0.0632
    1.0066    0.0186
    1.3550    0.0289
    0.9978    0.0157
    1.1472    0.0074
    1.3921    0.0146
    1.3211    0.0088
    1.1511    0.0272
    1.4185    0.0046
    0.8973    0.0419
    1.3559    0.0058
    1.2257    0.0436
    0.6418    0.4054
    1.0974    0.0293
    1.1178    0.0701
    0.6292    0.4062
    1.1531    0.0084
    1.4337    0.0045
    0.8417    0.1709
    1.2206    0.0458
    0.9553    0.0533
    0.7553    0.2461
    1.3564    0.0050
    1.2956    0.0140
    0.6793    0.1292
    0.4847    0.2510
    1.2256    0.0149
    1.1680    0.0032
    1.3548    0.0010
    0.9812    0.0509
    1.3987    0.0040
    0.6157    0.1931
    1.3594    0.0141
    1.3715    0.0169
    1.1988    0.0350
    1.1839    0.0184
    1.2206    0.0058
    1.2217    0.0198
    0.7069    0.0140
    1.4367    0.0044
    1.4631    0.0023
    0.9201    0.1603
    1.2022    0.0264
    1.0117    0.0181
    1.4321    0.0010
    1.2061    0.0189
    1.3715    0.0217
    1.3027    0.0339
    1.3041    0.0105
    0.8050    0.3212
    1.4109    0.0032
    0.9764    0.0029
    1.3750    0.0000
    1.3750    0.0000
    1.2750    0.0162
    1.3760    0.0240
    1.3262    0.0035
    0.9144    0.1790
    1.2706    0.0042
    0.8790    0.1674
    1.0795    0.0118
    1.3086    0.0231
    1.2022    0.0288
    1.0357    0.0398
    1.0097    0.0191
    1.1620    0.0223
    1.2162    0.0135
    0.9501    0.1170
    1.0491    0.0616
    1.2466    0.0000
    1.3226    0.0108
    0.4825    0.4136
    0.8718    0.0817
    1.2028    0.0185
    1.1284    0.0231
    0.8041    0.0788
    0.6557    0.2866
    1.0815    0.0305
    0.7970    0.1109
    0.3417    0.3007
    0.5112    0.3020
    1.3091    0.0041
    0.7991    0.1967
    1.3508    0.0031
    1.2666    0.0085
    1.2536    0.0165
    1.3614    0.0081
    0.9421    0.0532
    1.3252    0.0259
    1.3327    0.0014
    1.3644    0.0244
    0.5480    0.5018
    1.0403    0.0680
    1.1397    0.0045
    1.3644    0.0302
    1.0953    0.0318
    1.0142    0.1099
    0.9668    0.0983
    0.8256    0.1517
    1.2551    0.0094
    0.9901    0.0333
    1.0036    0.0838
    1.1082    0.0354
    1.2440    0.0334
    1.2366    0.0015
    1.1948    0.0174
    0.9119    0.0205
    1.3654    0.0155
    1.3161    0.0386
    0.9195    0.1633
    0.9396    0.0819
    1.1071    0.0064
    0.5416    0.4127
    1.4108    0.0133
    1.3866    0.0002
    1.3161    0.0062
    1.1659    0.0770
    1.1180    0.0020
    1.4195    0.0004
    1.2022    0.0361
    1.1586    0.0118
    0.7086    0.1794
    1.0511    0.0643
    1.3523    0.0021
    1.4331    0.0083
    0.5629    0.2656
    1.3644    0.0171
    0.8145    0.1246
    1.2142    0.0011
    0.5192    0.4373
    0.5271    0.2600
    1.2821    0.0075
    1.2341    0.0169
    1.1516    0.0491
    1.0849    0.0096
    1.3962    0.0093
    1.3937    0.0121
    1.3458    0.0257
    1.3301    0.0174
    0.6631    0.2967
    1.3046    0.0046
    1.1586    0.0322
    1.2655    0.0310
    0.9961    0.0596
    1.1716    0.0533
    0.5267    0.4068
    0.9062    0.1067
    1.2222    0.0028
    1.2760    0.0073
    0.4527    0.3474
    1.3001    0.0210
    1.2221    0.0354
    1.1200    0.0094
    0.5291    0.3933
    1.4367    0.0145
    1.4210    0.0051
    1.3398    0.0070
    1.0223    0.0911
    1.1559    0.0388
    1.1032    0.0089
    1.2246    0.0329
    1.1496    0.0030
    1.3791    0.0124
    0.9881    0.0703
    1.2417    0.0508
    1.3663    0.0196
    1.2566    0.0020
    1.4038    0.0121
    1.3760    0.0138
    1.1600    0.0451
    1.0996    0.0681
    1.3201    0.0065
    0.5871    0.2518
    1.3654    0.0186
    1.0619    0.0611
    1.3556    0.0251
    1.4099    0.0111
    1.1008    0.0464
    1.2920    0.0113
    1.3967    0.0000
    1.4225    0.0013
    0.9939    0.0622
    1.3846    0.0096
    0.9695    0.0044
    1.3357    0.0067
    0.9417    0.0039
    1.1982    0.0088
    1.2745    0.0065
    1.0715    0.0155
    1.4235    0.0146
    1.3750    0.0133
    1.2585    0.0200
    0.7620    0.0111
    1.1213    0.0368
    0.5878    0.2606
    0.4450    0.1083
    1.2851    0.0015
    1.1878    0.0050
    0.8742    0.1510
    1.2047    0.0366
    1.0465    0.0069
    1.2641    0.0105
    0.5676    0.3531
    1.4002    0.0121
    1.2500    0.0509
    0.6633    0.3686
    1.2977    0.0326
    1.0924    0.0541
    1.0831    0.0424
    0.8769    0.0415
    0.6619    0.2344
    1.1945    0.0425
    1.3478    0.0297
    1.0461    0.0702
    1.1392    0.0238
    1.2556    0.0035
    1.2127    0.0041
    1.3252    0.0067
    1.0669    0.0894
    0.9917    0.0687
    1.3775    0.0025
    1.1804    0.0020
    1.3151    0.0025
    0.5676    0.3181
    0.6328    0.2951
    1.3564    0.0080
    0.7145    0.1478
    1.1500    0.0589
    1.0780    0.0082
    1.1412    0.0401
    0.9491    0.1133
    0.9580    0.1461
    0.6036    0.3103
    1.2405    0.0394
    0.9300    0.0102
    1.3282    0.0105
    1.3669    0.0013
    1.2570    0.0220
    1.0407    0.0324
    1.2379    0.0212
    1.3685    0.0129
    0.9749    0.0284
    1.3957    0.0027
    1.0588    0.0178
    1.3735    0.0146
    1.4002    0.0147
    1.3136    0.0000
    1.3136    0.0000
    1.2856    0.0233
    1.0038    0.0009
    1.1328    0.0586
    1.0958    0.0202
    1.3684    0.0302
    1.1359    0.0449
    1.0665    0.0852
    1.1710    0.0118
    1.2954    0.0228
    1.1749    0.0082
    1.3569    0.0020
    1.3740    0.0015
    1.0526    0.0241
    1.2168    0.0441
    1.3518    0.0049
    1.2811    0.0095
    1.2931    0.0045
    0.7552    0.3120
    1.0520    0.0237
    0.6695    0.1213
    1.0750    0.0330
    1.0956    0.0597
    1.2946    0.0335
    1.3227    0.0018
    0.5585    0.3555
    1.2238    0.0273
    1.3332    0.0020
    1.2655    0.0355
    1.1116    0.0422
    1.2961    0.0077
    1.2053    0.0328
    0.8535    0.1230
    0.9935    0.0115
    1.3614    0.0187
    0.6425    0.2591
    1.1522    0.0580
    0.9278    0.0849
    1.4336    0.0130
    1.0390    0.0661
    1.1076    0.1068
    1.0908    0.0082
    1.1888    0.0318
    1.2316    0.0259
    0.9478    0.1383
    1.2541    0.0210
    0.7726    0.2005
    1.1012    0.0188
    1.1739    0.0069
    1.2756    0.0005
    0.9090    0.1269
    0.5484    0.3265
    1.0930    0.0641
    1.2432    0.0566
    1.0780    0.0310
    1.3377    0.0136
    1.2736    0.0033
    0.9774    0.0034
    1.2446    0.0105
    1.1961    0.0186
    0.6730    0.2557
    1.3532    0.0163
    1.3705    0.0020
    1.1135    0.0010
    1.2372    0.0351
    1.3111    0.0236
    1.1417    0.0027
    1.2060    0.0227
    1.1071    0.0114
    1.1962    0.0516
    1.4190    0.0064
    1.2391    0.0279
    1.1123    0.0704
    1.3890    0.0172
    1.1672    0.0261
    1.2391    0.0110
    0.9496    0.1388
    1.2491    0.0035
    0.8972    0.1139
    0.7800    0.1851
    0.9603    0.0078
    1.1923    0.0239
    1.2748    0.0450
    0.9681    0.0234
    1.2490    0.0124
    1.2167    0.0140
    0.8893    0.0923
    1.0775    0.0241
    1.3041    0.0296
    1.2726    0.0103
    1.2801    0.0355
    0.6339    0.0655
    0.6824    0.1428
    1.1126    0.0463
    1.2255    0.0526
    1.3293    0.0343
    1.3619    0.0098
    1.0515    0.0632
    1.4301    0.0105
    0.5576    0.2868
    1.0944    0.0788
    1.3377    0.0236
    1.1648    0.0405
    1.0754    0.0754
    0.9769    0.0425
    1.3287    0.0169
    0.9531    0.1434
    1.2683    0.0239
    1.2430    0.0373
    1.0972    0.0479
    0.7555    0.0889
    1.2761    0.0112
    1.1208    0.0507
    1.2361    0.0004
    1.2173    0.0545
    0.5808    0.2432
    1.0858    0.0750
    0.6935    0.3073
    1.3076    0.0112
    1.3171    0.0326
    1.2796    0.0242
    1.1620    0.0238
    1.2776    0.0004
    1.2792    0.0304
    0.4584    0.4056
    1.4133    0.0138
    0.8499    0.0967
    0.9782    0.0940
    1.2125    0.0214
    1.2217    0.0257
    1.1824    0.0023
    0.6733    0.1555
    0.6335    0.4561
    0.7726    0.1556
    0.6303    0.1534
    1.0974    0.0691
    0.8052    0.2780
    0.5740    0.4582
    1.3242    0.0121
    0.7470    0.0048
    0.9517    0.0823
    1.4392    0.0060
    1.3463    0.0205
    1.2466    0.0045
    1.2062    0.0086
    0.5567    0.3486
    1.3519    0.0249
    1.2660    0.0365
    1.3961    0.0195
    1.3624    0.0013
    1.1600    0.0268
    1.3247    0.0178
    0.6137    0.4002
    1.2151    0.0129
    1.1794    0.0005
    1.3589    0.0074
    1.3277    0.0049
    1.3121    0.0201
    1.3907    0.0159
    0.9770    0.0578
    1.3690    0.0035
    1.0982    0.0257
    1.1650    0.0490
    1.3654    0.0004
    1.3043    0.0271
    0.9729    0.0568
    0.5720    0.4056
    0.8791    0.0898
    1.1625    0.0238
    1.3478    0.0018
    0.9985    0.1074
    0.9847    0.0618
    0.5183    0.4016
    1.1685    0.0393
    0.7933    0.1740
    0.5349    0.3541
    1.0287    0.0599
    1.3412    0.0176
    1.1650    0.0074
    1.3513    0.0102
    1.0623    0.0319
    1.2810    0.0335
    1.0923    0.0182
    1.3056    0.0266
    1.3502    0.0141
    1.2886    0.0045
    1.2491    0.0075
    1.3473    0.0015
    1.0696    0.0089
    0.7713    0.2073
    1.0293    0.0325
    0.7339    0.0512
    1.0373    0.1309
    0.9276    0.1349
    1.2796    0.0170
    1.1973    0.0021
    1.2196    0.0239
    1.3448    0.0019
    1.0210    0.0284
    1.1943    0.0071
    1.2547    0.0561
    1.2175    0.0527
    1.4068    0.0035
    1.3906    0.0121
    1.4412    0.0136
    1.4392    0.0112
    1.3126    0.0018
    0.5997    0.4036
    1.3392    0.0147
    1.2681    0.0166
    1.1515    0.0147
    1.1948    0.0244
    1.3699    0.0117
    1.1413    0.0213
    1.1195    0.0359
    0.9529    0.1320
    0.7129    0.2182
    1.3846    0.0142
    1.1229    0.0045
    1.0894    0.0035
    1.3589    0.0249
    1.0874    0.0032
    1.1190    0.0141
    1.0398    0.0694
    0.8256    0.2068
    0.9117    0.0868
    1.3987    0.0106
    1.3695    0.0136
    1.2013    0.0035
    0.5106    0.3702
    1.0636    0.0809
    1.3806    0.0116
    0.7732    0.1842
    1.0937    0.1037
    0.8771    0.1012
    1.2020    0.0248
    0.7316    0.2054
    1.1948    0.0068
    1.2736    0.0085
    0.7105    0.1706
    1.3438    0.0096
    1.1441    0.0182
    1.4251    0.0009
    1.1041    0.0207
    1.2710    0.0190
    1.2795    0.0285
    1.0417    0.1265
    0.5130    0.4426
    1.0131    0.0285
    1.3111    0.0411
    1.0287    0.0742
    1.1929    0.0397
    1.1750    0.0208
    1.1189    0.0673
    0.9191    0.0780
    1.3116    0.0125
    1.4190    0.0141
    0.9833    0.0211
    1.2000    0.0423
    1.2748    0.0231
    0.7912    0.1587
    0.9204    0.2083
    0.7858    0.1973
    1.3362    0.0035
    1.3669    0.0031
    0.4870    0.2782
    0.9234    0.1666
    1.3750    0.0081
    1.3740    0.0197
    0.7870    0.0794
    1.2946    0.0125
    1.3192    0.0007
    0.7144    0.2688
    1.4209    0.0134
    1.3987    0.0182
    1.2875    0.0265
    1.2246    0.0219
    1.1779    0.0372
    1.2681    0.0334
    0.7115    0.2640
    1.3443    0.0085
    1.4018    0.0044
    1.1595    0.0426
    1.0669    0.0775
    1.1465    0.0406
    1.3488    0.0085
    1.2615    0.0195
    1.1399    0.0283
    1.1084    0.0232
    0.5188    0.2801
    1.4124    0.0053
    1.3538    0.0116
    1.3644    0.0040
    0.7695    0.1486
    1.0508    0.0566
    1.2981    0.0070
    1.1391    0.0658
    1.3051    0.0021
    1.1482    0.0399
    1.2214    0.0235
    0.8945    0.0627
    0.9303    0.0989
    1.4124    0.0032
    1.1789    0.0104
    0.8939    0.1185
    1.2201    0.0062
    1.3557    0.0180
    1.4205    0.0119
    1.3715    0.0025
    1.2471    0.0314
    0.9944    0.1362
    1.1438    0.0353
    1.2027    0.0204
    1.3876    0.0031
    1.1928    0.0027
    1.4175    0.0093
    1.3669    0.0121
    0.5863    0.3797
    0.8030    0.0455
    1.1897    0.0201
    1.3942    0.0177
    1.1814    0.0018
    1.1512    0.0340
    0.8491    0.0384
    1.2545    0.0230
    0.6398    0.2301
    1.1481    0.0441
    1.1150    0.0242
    1.3090    0.0208
    1.2121    0.0428
    1.2222    0.0162
    0.8121    0.1614
    1.0332    0.0904
    1.0151    0.0320
    0.8794    0.0490
    1.2531    0.0049
    1.2253    0.0490
    1.2846    0.0030
    1.0995    0.0215
    1.1932    0.0148
    1.3011    0.0080
    0.5752    0.4676
    1.2087    0.0207
    0.9815    0.0825
    1.1370    0.0236
    1.2981    0.0079
    1.2546    0.0135
    1.3930    0.0195
    0.8959    0.0194
    1.2911    0.0045
    1.4591    0.0026
    0.5181    0.3839
    1.1407    0.0129
    1.2202    0.0149
    1.3157    0.0241
    1.2511    0.0215
    1.0913    0.0025
    1.2496    0.0274
    0.8550    0.1922
    1.3629    0.0031
    1.2381    0.0299
    0.5562    0.4273
    0.4366    0.3428
    1.1406    0.0380
    0.4584    0.4022
    1.0987    0.0104
    1.2174    0.0440
    1.0445    0.0798
    0.7776    0.1824
    0.8194    0.1591
    1.2281    0.0067
    0.9343    0.1637
    1.4018    0.0195
    0.8198    0.0523
    1.3285    0.0209
    0.9700    0.0014
    1.1747    0.0211
    1.1328    0.0089
    0.9859    0.0720
    1.3401    0.0206
    1.3705    0.0131
    0.7880    0.0460
    1.4068    0.0128
    1.4215    0.0075
    1.4028    0.0056
    1.3795    0.0040
    0.5353    0.4773
    0.7429    0.1715
    0.6285    0.3010
    0.6288    0.4392
    0.5597    0.1410
    1.3554    0.0013
    1.3451    0.0202
    0.9709    0.1042
    1.4149    0.0012
    1.2596    0.0148
    0.8651    0.1058
    1.1386    0.0633
    1.3031    0.0301
    0.8195    0.2167
    1.2411    0.0155
    1.1415    0.0419
    1.0832    0.0756
    1.2561    0.0310
    0.7976    0.1574
    1.2038    0.0455
    0.7671    0.2162
    1.3574    0.0136
    1.3523    0.0005
    0.9708    0.0768
    1.3297    0.0226
    1.1853    0.0263
    0.7046    0.2861
    1.0539    0.0202
    1.3896    0.0121
    1.1125    0.0144
    1.0973    0.0450
    1.1713    0.0509
    1.4124    0.0004
    0.9976    0.0692
    1.2801    0.0090
    1.2901    0.0052
    1.3554    0.0187
    1.2826    0.0121
    1.3287    0.0160
    1.1964    0.0579
    1.3081    0.0107
    1.2003    0.0025
    1.0704    0.0944
    0.9141    0.0765
    1.2515    0.0324
    1.4392    0.0098
    0.4656    0.3990
    1.2670    0.0102
    1.2581    0.0157
    1.2671    0.0070
    0.6013    0.4445
    1.3066    0.0268
    1.2595    0.0360
    0.9473    0.0796
    1.2971    0.0065
    1.2161    0.0134
    1.3101    0.0186
    1.3584    0.0116
    0.8920    0.0974
    0.9593    0.0096
    0.4778    0.4775
    0.4796    0.2305
    1.2706    0.0075
    1.2172    0.0108
    1.2147    0.0055
    1.3785    0.0061
    0.6128    0.3336
    1.2142    0.0144
    0.9747    0.1294
    1.3538    0.0139
    1.2741    0.0264
    0.4185    0.3733
    1.2618    0.0238
    1.2207    0.0050
    1.2961    0.0054
    1.1200    0.0036
    0.4365    0.0678
    0.7030    0.2174
    1.3881    0.0062
    1.1744    0.0133
    1.1639    0.0521
    1.2405    0.0509
    1.3031    0.0000
    1.3856    0.0098
    1.0863    0.0140
    0.9787    0.0781
    0.8434    0.1870
    0.8826    0.2453
    1.2469    0.0205
    1.3041    0.0073
    1.3558    0.0196
    1.3523    0.0058
    1.1513    0.0726
    1.0839    0.0655
    1.2416    0.0601
    1.4043    0.0159
    1.1461    0.0364
    0.9504    0.0119
    1.3604    0.0218
    0.5387    0.2136
    0.5750    0.3309
    1.1506    0.0052
    1.1116    0.0259
    1.1343    0.0119
    1.2947    0.0407
    0.5351    0.2391
    0.6324    0.3358
    1.3821    0.0045
    0.6745    0.2196
    1.0659    0.0779
    1.0976    0.0197
    1.4048    0.0102
    1.3408    0.0091
    0.6885    0.4155
    1.3212    0.0100
    1.0698    0.0529
    1.0894    0.0138
    1.3216    0.0065
    0.9922    0.0919
    1.1799    0.0323
    1.1625    0.0317
    0.5554    0.2996
    1.1155    0.0195
    1.3026    0.0174
    0.8061    0.2622
    1.1703    0.0194
    1.3362    0.0065
    0.4862    0.4566
    1.4073    0.0155
    1.2072    0.0113
    1.3071    0.0014
    0.8391    0.0368
    1.1112    0.0450
    0.5334    0.2974
    1.1135    0.0144
    0.8522    0.1205
    1.2298    0.0296
    1.2932    0.0303
    1.0936    0.0181
    1.1550    0.0535
    1.0227    0.0202
    1.1556    0.0032
    0.9879    0.0205
    1.2356    0.0110
    1.3151    0.0146
    1.0888    0.0291
    0.8943    0.0668
    1.1322    0.0146
    1.3297    0.0014
    1.2896    0.0160
    1.1720    0.0005
    1.2501    0.0025
    1.2309    0.0217
    1.2351    0.0060
    1.0249    0.0020
    0.9322    0.0642
    1.2391    0.0085
    1.0840    0.0722
    0.6464    0.2516
    1.1089    0.0702
    1.0715    0.0133
    1.3679    0.0038
    0.9194    0.2190
    1.0431    0.0300
    1.2436    0.0065
    0.8077    0.1006
    0.6577    0.2190
    1.1804    0.0208
    0.7039    0.2544
    1.1978    0.0113
    1.3237    0.0152
    1.4007    0.0071
    1.1349    0.0452
    1.1220    0.0323
    1.3468    0.0280
    1.2067    0.0179
    1.2536    0.0045
    1.0534    0.0398
    1.0701    0.0036
    1.1281    0.0767
    0.9731    0.0588
    0.9268    0.0635
    0.8314    0.1631
    1.3629    0.0019
    0.7251    0.3813
    0.7162    0.1232
    1.1422    0.0312
    0.8596    0.1594
    0.5832    0.1289
    0.7415    0.0307
    0.7780    0.1248
    1.1645    0.0061
    1.0023    0.0392
    1.3386    0.0180
    0.6797    0.2232
    1.3403    0.0045
    1.3987    0.0172
    1.3458    0.0161
    1.3593    0.0171
    1.2941    0.0045
    1.0033    0.0216
    0.7115    0.2583
    1.1352    0.0153
    1.2600    0.0290
    1.1830    0.0461
    1.2207    0.0028
    1.3456    0.0209
    1.1378    0.0064
    1.2690    0.0120
    1.3186    0.0070
    0.9116    0.0970
    1.1535    0.0451
    1.0908    0.0340
    1.2839    0.0195
    0.6303    0.4143
    0.6750    0.2330
    1.3521    0.0236
    1.0993    0.0294
    0.9735    0.0330
    1.0873    0.0983
    1.1948    0.0497
    1.2791    0.0134
    0.5406    0.1920
    1.2289    0.0236
    1.3443    0.0019
    1.1779    0.0189
    1.2331    0.0035
    0.9660    0.0635
    1.2446    0.0299
    1.2315    0.0508
    1.3357    0.0312
    1.2366    0.0259
    1.3480    0.0278
    0.8958    0.1739
    0.5511    0.5164
    0.9047    0.1844
    0.9164    0.1267
    1.0813    0.0596
    1.2411    0.0175
    1.0303    0.0011
    1.3255    0.0206
    1.0293    0.1070
    0.9249    0.1008
    1.2621    0.0121
    0.9085    0.1281
    1.0007    0.0657
    0.5233    0.3517
    1.0539    0.0300
    0.9895    0.0431
    1.2236    0.0125
    0.7245    0.2670
    1.2126    0.0358
    1.3432    0.0110
    1.3342    0.0134
    1.3538    0.0111
    1.3113    0.0300
    1.3347    0.0096
    0.8569    0.0005
    0.9726    0.0578
    1.2531    0.0314
    1.0867    0.0819
    0.4332    0.0053
    1.4048    0.0137
    1.1233    0.0499
    1.3176    0.0176
    1.2416    0.0121
    0.9280    0.0087
    1.0706    0.0271
    0.9297    0.1976
    1.1189    0.0363
    1.4220    0.0025
    1.3292    0.0090
    1.2671    0.0188
    1.3161    0.0067
    1.3011    0.0211
    1.3202    0.0023
    1.2047    0.0254
    0.9907    0.1279
    1.1506    0.0362
    0.4870    0.3669
    0.6216    0.2093
    1.1035    0.0383
    0.6712    0.2427
    1.1031    0.0410
    0.9451    0.0186
    1.1269    0.0332
    1.0043    0.0547
    1.2256    0.0030
    0.9198    0.0946
    1.0141    0.0297
    1.1693    0.0630
    1.4392    0.0172
    0.8813    0.1862
    1.2731    0.0054
    0.9039    0.1591
    0.7802    0.3153
    0.5002    0.4187
    1.0832    0.0789
    1.4367    0.0088
    1.3217    0.0147
    1.1904    0.0357
    0.4721    0.3295
    0.5122    0.2577
    0.6801    0.1629
    0.9194    0.0774
    1.3015    0.0159
    1.0091    0.0118
    1.0768    0.0742
    1.1037    0.0079
    1.1461    0.0456
    1.1609    0.0162
    0.9950    0.0000
    1.0136    0.0462
    1.3326    0.0135
    0.9212    0.0219
    0.6689    0.2529
    1.2806    0.0095
    1.2776    0.0025
    1.4190    0.0057
    1.3947    0.0116
    1.0908    0.0123
    1.4129    0.0025
    1.0736    0.0114
    1.1477    0.0050
    1.0730    0.1034
    1.4266    0.0050
    0.6350    0.0626
    0.8946    0.1983
    1.0308    0.0251
    0.9182    0.1142
    1.3442    0.0169
    1.0452    0.0276
    1.2535    0.0085
    0.4640    0.4160
    1.4479    0.0026
    1.2484    0.0187
    1.3921    0.0117
    1.2074    0.0291
    1.2575    0.0160
    1.0423    0.0226
    1.1245    0.0549
    0.9890    0.0509
    0.9671    0.1277
    1.1270    0.0494
    1.3765    0.0055
    0.9907    0.0677
    1.1799    0.0027
    1.3896    0.0010
    0.8382    0.1097
    1.2626    0.0031
    1.3861    0.0146
    0.9464    0.0806
    1.1625    0.0024
    1.2693    0.0264
    1.2685    0.0100
    1.3042    0.0398
    0.5032    0.3922
    1.3232    0.0105
    1.3664    0.0025
    0.5492    0.4715
    0.9483    0.1346
    0.8314    0.2414
    0.7305    0.1248
    0.8725    0.1279
    1.2540    0.0300
    0.9408    0.1172
    0.7352    0.2673
    0.9940    0.0326
    0.9258    0.0755
    0.8768    0.1391
    1.2352    0.0334
    0.4092    0.3371
    0.4021    0.3834
    1.1244    0.0195
    0.9930    0.0235
    0.9646    0.0696
    1.2536    0.0040
    0.9132    0.1526
    1.0689    0.0788
    1.3836    0.0014
    1.2074    0.0441
    1.3231    0.0173
    0.8862    0.0531
    1.1780    0.0569
    1.3026    0.0226
    1.3851    0.0039
    0.8667    0.2232
    0.6215    0.1807
    1.3453    0.0236
    1.0948    0.0091
    1.0941    0.0220
    0.9268    0.0708
    1.3212    0.0035
    1.0890    0.0260
    1.3972    0.0018
    0.5775    0.3704
    1.2012    0.0209
    1.1903    0.0116
    1.1098    0.0695
    1.0925    0.0760
    0.6948    0.1477
    0.6710    0.2682
    1.3071    0.0206
    1.4550    0.0040
    1.1720    0.0398
    0.7690    0.2877
    1.4418    0.0122
    1.1913    0.0349
    1.4119    0.0031
    1.1066    0.0100
    1.2641    0.0051
    1.2256    0.0214
    0.5067    0.4293
    0.4987    0.4473
    0.8985    0.1314
    0.8479    0.2333
    1.2826    0.0110
    0.6278    0.2365
    1.3644    0.0173
    0.7210    0.2742
    1.3186    0.0065
    1.3226    0.0236
    1.1209    0.0193
    1.1516    0.0372
    0.9496    0.0513
    1.3765    0.0093
    1.3242    0.0131
    1.0987    0.0031
    0.7354    0.2776
    0.7552    0.0097
    1.4144    0.0025
    1.2003    0.0046
    0.8188    0.1512
    0.9168    0.0341
    1.1864    0.0140
    0.4348    0.3713
    0.7850    0.2169
    0.7089    0.3096
    1.3604    0.0053
    1.2526    0.0035
    1.2811    0.0058
    1.4418    0.0056
    1.3684    0.0257
    1.3378    0.0254
    0.7591    0.1399
    0.9360    0.0224
    1.0726    0.0158
    1.2027    0.0075
    0.7168    0.1052
    1.0800    0.0859
    1.0741    0.0055
    0.8457    0.1221
    0.7467    0.2213
    1.3942    0.0056
    1.1363    0.0173
    1.4590    0.0048
    1.3212    0.0094
    1.2092    0.0275
    1.4023    0.0076
    1.3836    0.0040
    1.2941    0.0036
    0.4843    0.3386
    1.3775    0.0172
    1.3327    0.0121
    1.2072    0.0027
    0.7229    0.0540
    1.3357    0.0102
    0.5775    0.0887
    1.0510    0.0210
    1.2664    0.0170
    0.8011    0.1248
    1.3122    0.0286
    1.2205    0.0190
    1.1230    0.0436
    1.2600    0.0460
    0.8919    0.0514
    1.2082    0.0004
    1.3101    0.0010
    1.4144    0.0069
    0.8247    0.2028
    0.8796    0.0788
    0.7611    0.1561
    1.1580    0.0357
    0.8460    0.2004
    1.1563    0.0549
    1.3211    0.0201
    1.3498    0.0025
    1.0722    0.0374
    0.9324    0.0062
    1.0784    0.0993
    1.3071    0.0036
    1.2561    0.0296
    1.1169    0.0142
    1.0779    0.0606
    1.3026    0.0075
    1.3208    0.0302
    1.3173    0.0297
    0.7119    0.2938
    1.3896    0.0035
    1.0224    0.0388
    1.1349    0.0301
    0.6725    0.2672
    1.2485    0.0339
    1.2566    0.0070
    1.2626    0.0031
    1.1809    0.0145
    1.3111    0.0196
    0.8838    0.0549
    1.1669    0.0541
    0.7345    0.3131
    1.2851    0.0072
    1.0834    0.0315
    0.6166    0.0480
    1.4331    0.0133
     -         -    
