    1.0294    0.2905
    0.9082    0.2752
    1.2610    0.0470
    0.9726    0.2978
    0.7880    0.4780
    0.8797    0.2421
    1.1077    0.2282
    1.2678    0.1152
    1.2118    0.0550
    0.8610    0.2095
    0.7788    0.4197
    1.1338    0.1999
    1.2636    0.1099
    1.0056    0.2237
    1.0509    0.0062
    0.9254    0.3425
    0.8173    0.3427
    1.2886    0.0344
    0.5217    0.2891
    1.1851    0.0230
    0.8173    0.3668
    0.6799    0.5928
    0.6948    0.5228
    0.9673    0.1296
    0.9535    0.3028
    0.9786    0.3437
    1.0808    0.0874
    0.9143    0.3875
    1.0820    0.0141
    1.1540    0.0446
    1.2541    0.1082
    1.2614    0.0902
    1.2265    0.0588
    0.9702    0.1976
    0.7112    0.5259
    1.0505    0.2864
    1.0570    0.1504
    1.2311    0.1053
    1.2486    0.0040
    0.3486    0.1270
    0.8690    0.3544
    0.9234    0.2665
    1.2603    0.0677
    1.2015    0.1360
    0.9644    0.3319
    0.6942    0.5815
    1.0320    0.1081
    1.2384    0.0673
    1.3392    0.0272
    0.9098    0.3869
    0.6639    0.5790
    1.2112    0.0338
    0.8547    0.4142
    0.9428    0.3614
    1.0501    0.2897
    0.6717    0.0472
    1.0422    0.2907
    1.3492    0.0398
    1.2430    0.0489
    0.9680    0.3374
    1.2210    0.1174
    0.6858    0.5913
    1.1662    0.1248
    0.8869    0.4130
    1.0171    0.2894
    1.0095    0.2213
    1.1735    0.1052
    1.1140    0.2071
    0.9497    0.2529
    1.2596    0.0345
    1.2102    0.0159
    1.1477    0.0178
    1.1181    0.0590
    0.9269    0.2910
    1.1101    0.2307
    1.1438    0.0385
    1.1058    0.0533
    0.6899    0.0877
    0.9123    0.3959
    0.8108    0.1270
    0.7786    0.4730
    0.8385    0.4402
    1.1781    0.0732
    0.4141    0.0601
    0.8833    0.4247
    1.0667    0.0292
    1.2778    0.0745
    0.6689    0.5461
    1.0458    0.1854
    0.9039    0.2935
    0.8164    0.4149
    1.1770    0.0357
    1.1073    0.1318
    0.6546    0.0790
    1.2256    0.0324
    0.6956    0.3068
    0.9461    0.1138
    1.1854    0.0429
    0.9454    0.1070
    0.7956    0.1661
    1.3417    0.0063
    1.0314    0.2891
    1.1947    0.0343
    1.2227    0.0360
    0.8306    0.3670
    0.7413    0.5388
    0.8679    0.0942
    0.7571    0.5266
    1.1313    0.0041
    0.5559    0.3352
    1.2645    0.0623
    0.7641    0.3836
    1.0082    0.0072
    1.0602    0.1921
    1.0085    0.3098
    0.7622    0.0952
    0.9362    0.3607
    0.7595    0.4878
    1.0550    0.0566
    1.0438    0.0813
    1.0102    0.3056
    0.4551    0.0840
    0.5968    0.5191
    1.0036    0.1466
    0.6257    0.5455
    0.5871    0.3851
    1.1997    0.1502
    1.0912    0.1497
    1.3498    0.0151
    0.9424    0.2277
    1.0058    0.1195
    0.9256    0.3885
    0.9656    0.2466
    1.1914    0.1019
    1.0759    0.1608
    1.1219    0.1376
    1.1952    0.0926
    1.0737    0.0437
    0.8780    0.3800
    0.9489    0.2851
    0.6543    0.6195
    1.1450    0.1980
    1.3527    0.0210
    1.3115    0.0201
    0.6972    0.2546
    0.8983    0.0392
    1.3111    0.0071
    1.2117    0.1096
    1.0654    0.2562
    0.8528    0.4086
    1.1880    0.1008
    0.4361    0.2096
    0.6324    0.6191
    1.1635    0.1013
    0.8258    0.3570
    1.1670    0.0673
    0.9790    0.2260
    0.8550    0.3229
    0.9075    0.1843
    1.1455    0.1734
    0.5677    0.0647
    0.7255    0.5554
    0.8631    0.1950
    0.7329    0.5448
    0.8824    0.3444
    0.8059    0.1782
    1.0013    0.2782
    0.6564    0.4660
    1.1591    0.0314
    0.6979    0.3978
    1.3173    0.0467
    0.9214    0.1620
    0.9535    0.3292
    1.3041    0.0246
    1.0714    0.2138
    1.0162    0.2092
    0.7298    0.5626
    0.7724    0.2551
    0.5730    0.4090
    1.0533    0.1885
    0.8764    0.3458
    1.2118    0.1538
    0.9397    0.3181
    0.9955    0.3133
    0.8246    0.4717
    0.6627    0.5857
    0.7280    0.4218
    0.9012    0.0248
    0.8233    0.4490
    0.9708    0.2630
    1.1628    0.1097
    0.7276    0.4216
    1.2969    0.0717
    1.2972    0.0932
    1.0253    0.1944
    0.6502    0.6111
    1.1650    0.1121
    0.6763    0.5678
    0.8590    0.1391
    1.2796    0.0215
    1.3415    0.0255
    0.7814    0.3837
    0.7372    0.5012
    0.9678    0.3178
    0.8064    0.2774
    1.1821    0.1437
    0.9474    0.2664
    0.9023    0.1731
    1.0824    0.2538
    0.9657    0.0801
    0.7617    0.4979
    0.4225    0.4030
    0.9831    0.1396
    0.6192    0.4147
    0.9495    0.3420
    1.1133    0.2393
    1.2187    0.0010
    0.9839    0.3281
    0.8937    0.0890
    0.9298    0.0174
    0.6509    0.6318
    1.0132    0.3177
    0.9850    0.2434
    1.0235    0.0229
    1.0178    0.2215
    0.9567    0.0499
    0.7711    0.2645
    0.8537    0.0854
    1.0738    0.0715
    1.3093    0.0563
    1.0238    0.1748
    0.8832    0.3096
    0.8613    0.3833
    0.7914    0.4920
    0.8902    0.2299
    0.5836    0.4769
    1.0106    0.0148
    0.7334    0.1555
    1.2042    0.1607
    0.6124    0.3830
    0.6436    0.2329
    0.5542    0.5300
    0.8862    0.1192
    1.0864    0.2268
    1.2227    0.1576
    1.0364    0.2262
    0.5499    0.4105
    1.0122    0.2395
    1.0376    0.1794
    1.2330    0.0394
    1.2114    0.0743
    0.8664    0.4399
    0.4493    0.3853
    0.5430    0.3520
    0.7959    0.3768
    1.0430    0.0442
    0.9275    0.3217
    1.1189    0.1064
    0.9194    0.1112
    0.4276    0.2434
    0.8751    0.4063
    0.0533    0.0404
    0.7397    0.2704
    0.9167    0.3096
    1.2648    0.0241
    0.4615    0.0880
    1.0598    0.2017
    1.3134    0.0773
    1.1303    0.1682
    0.7376    0.5473
    0.2581    0.0086
    0.6236    0.5479
    0.9511    0.3462
    0.8851    0.0070
    0.8935    0.3608
    1.1481    0.1853
    0.4486    0.4102
    0.9194    0.2738
    1.1943    0.0974
    1.2086    0.0629
    0.1826    0.0508
    0.6856    0.5116
    1.2944    0.0726
    0.6917    0.5958
    0.6419    0.5917
    0.8803    0.4089
    1.0702    0.0387
    1.2290    0.0508
    1.1947    0.1710
    1.0557    0.1345
    1.2228    0.0518
    1.0479    0.0972
    0.4272    0.1197
    1.2719    0.0700
    0.6907    0.5203
    1.2897    0.0514
    1.1651    0.0319
    1.1487    0.0140
    1.0802    0.2109
    1.2930    0.0270
    1.1898    0.0686
    0.7715    0.5161
    1.1258    0.2174
    1.2184    0.1379
    0.6038    0.2436
    0.6137    0.3659
    0.9485    0.3738
    1.0838    0.0715
    0.3036    0.2128
    0.9279    0.0615
    1.2916    0.0706
    0.9592    0.0572
    0.5553    0.4113
    1.1119    0.2063
    1.2716    0.0444
    0.6838    0.4974
    1.0316    0.3048
    1.2650    0.0415
    1.0614    0.2035
    1.3252    0.0025
    1.2424    0.0743
    0.7858    0.0351
    0.7849    0.2576
    1.3387    0.0030
    0.9443    0.2217
    1.0178    0.2215
    0.6510    0.6204
    0.9746    0.2999
    0.7925    0.3019
    1.2810    0.0300
    0.8148    0.3987
    1.0509    0.1249
    1.1442    0.0350
    0.8247    0.4023
    1.1348    0.1928
    1.3019    0.0550
    1.1420    0.0859
    1.0911    0.0801
    1.1476    0.2143
    0.8947    0.3774
    0.6268    0.2767
    1.0582    0.1777
    1.1749    0.0020
    1.1783    0.0536
    0.6557    0.5939
    1.1788    0.1339
    1.2269    0.0752
    1.0141    0.0178
    1.1286    0.0225
    1.0902    0.2166
    0.4489    0.0740
    1.2303    0.0288
    0.8222    0.4520
    1.3185    0.0572
    0.9392    0.3039
    1.2863    0.0850
    0.6394    0.6365
    0.8473    0.3921
    1.1520    0.1366
    1.0996    0.1005
    0.6739    0.4445
    1.0822    0.2314
    0.8865    0.3665
    0.6395    0.6114
    0.7937    0.4380
    1.2123    0.1005
    0.6888    0.4789
    0.8431    0.4472
    1.2406    0.0031
    1.1878    0.0089
    0.8485    0.3565
    0.9112    0.1502
    1.0609    0.1959
    0.8897    0.2882
    0.7964    0.3443
    0.9224    0.1948
    1.1791    0.1400
    1.0601    0.2284
    0.4055    0.0415
    0.6550    0.5881
    0.9782    0.3332
    0.6966    0.5614
    1.2950    0.0106
    0.9441    0.0044
    0.8138    0.4801
    0.4694    0.0377
    0.6956    0.1832
    0.3104    0.0855
    0.6754    0.6040
    1.2040    0.0762
    1.0344    0.2126
    1.2706    0.1071
    0.8744    0.2153
    0.7799    0.1258
    0.9325    0.1196
    1.0139    0.0736
    1.2815    0.0320
    1.1599    0.2058
    0.7404    0.5426
    1.2990    0.0566
    0.9758    0.3345
    1.2526    0.1113
    1.2723    0.0771
    0.9702    0.3409
    0.8625    0.2076
    0.5971    0.1888
    0.7624    0.0488
    1.0573    0.1201
    0.8191    0.0292
    0.9916    0.1279
    1.1855    0.1445
    1.1006    0.0647
    1.2912    0.0492
    1.2716    0.0150
    1.2491    0.0013
    0.6445    0.6165
    0.6956    0.5823
    1.1001    0.1558
    0.9843    0.1641
    1.0132    0.1683
    1.0967    0.1023
    1.2911    0.0273
    0.9617    0.0119
    1.2038    0.0122
    0.6240    0.5971
    0.7318    0.5511
    1.0609    0.1272
    1.0299    0.2045
    1.0550    0.2885
    1.2454    0.1278
    0.7139    0.5452
    0.7532    0.4639
    0.7858    0.2052
    1.0681    0.2783
    1.1552    0.1566
    1.0391    0.1558
    0.9488    0.0836
    0.7507    0.4173
    0.6839    0.5927
    0.8826    0.2332
    0.7022    0.5337
    1.2378    0.0829
    0.8677    0.0388
    0.9811    0.0744
    1.0110    0.0206
    0.6153    0.3510
    0.6107    0.4849
    0.7284    0.0329
    0.6882    0.2871
    0.4824    0.2395
    0.6050    0.3359
    1.1071    0.1914
    1.2886    0.0125
    0.8671    0.4013
    1.1161    0.1562
    1.1404    0.0996
    1.1299    0.1162
    1.1365    0.1096
    1.2003    0.0682
    1.1801    0.0682
    0.7129    0.5687
    0.9193    0.2156
    1.1865    0.1635
    0.8077    0.0992
    1.2347    0.0535
    0.6498    0.5600
    1.1432    0.0150
    0.9305    0.3768
    0.6450    0.3999
    0.8887    0.3808
    0.7995    0.1062
    1.2331    0.1471
    0.2180    0.1165
    1.3428    0.0055
    1.2775    0.0295
    0.9303    0.1045
    0.9789    0.1725
    0.6520    0.2155
    1.3051    0.0201
    1.3362    0.0201
    0.3929    0.3509
    1.0132    0.2413
    1.1678    0.2054
    1.1416    0.2122
    1.1104    0.2145
    0.8192    0.4402
    0.9099    0.4077
    1.3063    0.0563
    1.3393    0.0334
    0.9424    0.0828
    1.1321    0.0615
    1.1716    0.1801
    0.9973    0.2704
    1.2161    0.0493
    1.1599    0.2113
    0.6548    0.5773
    1.2118    0.0990
    0.9785    0.2469
    0.6166    0.3670
    1.1828    0.1266
    1.2961    0.0165
    1.1692    0.0723
    0.6401    0.5173
    0.5062    0.1476
    0.5309    0.2584
    0.6831    0.6026
    1.2447    0.0485
    0.9706    0.0546
    0.9445    0.1353
    0.5792    0.4652
    1.3257    0.0000
    0.6613    0.5904
    1.0301    0.0756
    1.0822    0.2249
    1.1851    0.1838
    0.8369    0.4626
    1.1821    0.1717
    0.8872    0.3814
    0.7966    0.1594
    0.6154    0.0759
    1.2167    0.1045
    1.1060    0.0637
    0.8099    0.4644
    0.6588    0.2591
    1.2394    0.0648
    1.0082    0.3240
    0.9800    0.3382
    1.1495    0.1278
    0.5444    0.2933
    1.0965    0.2050
    1.1976    0.1004
    0.7408    0.4783
    1.2996    0.0080
    0.9200    0.3903
    1.2655    0.0495
    1.0971    0.2167
    1.2497    0.0688
    1.1447    0.0322
    1.0522    0.1904
    1.1825    0.0510
    1.0893    0.2393
    1.1314    0.1098
    0.8447    0.3344
    0.3329    0.1360
    1.1000    0.1817
    1.2322    0.0526
    1.3326    0.0186
    0.7373    0.5149
    1.1154    0.1339
    1.1636    0.1061
    0.8729    0.4275
    1.1705    0.1139
    1.0285    0.2883
    1.2820    0.0517
    1.0324    0.0498
    1.0423    0.2683
    1.3689    0.0057
    0.6451    0.6424
    0.6992    0.5498
    0.8793    0.1288
    0.7115    0.5058
    1.3342    0.0165
    0.6782    0.6009
    1.1492    0.1942
    1.0985    0.1436
    0.9757    0.2829
    1.2646    0.0412
    1.2861    0.0054
    0.9293    0.2644
    1.2825    0.0722
    0.7616    0.0243
    0.8564    0.3511
    1.0916    0.2112
    0.9371    0.3760
    0.8817    0.3569
    0.8098    0.3825
    0.9137    0.3404
    0.8838    0.2835
    0.7691    0.5004
    0.8847    0.4073
    1.0048    0.3210
    1.0260    0.1061
    0.7851    0.4350
    1.2494    0.0397
    0.4118    0.0542
    0.5067    0.2304
    1.1297    0.1475
    1.0116    0.2289
    0.2505    0.2283
    1.2316    0.0309
    1.3564    0.0280
    0.9581    0.3570
    0.7090    0.5808
    0.7085    0.5033
    0.9472    0.1905
    0.7072    0.3836
    1.2348    0.1441
    0.7153    0.5410
    0.9320    0.3278
    0.6676    0.5616
    1.1909    0.0501
    1.0874    0.1174
    0.8265    0.4664
    0.9427    0.0009
    1.0250    0.0699
    1.3470    0.0475
    1.2259    0.0760
    1.0730    0.2759
    1.0102    0.2881
    1.1633    0.1911
    1.1503    0.1913
    0.7597    0.2530
    0.6168    0.3848
    0.6622    0.6190
    1.1613    0.0832
    1.1276    0.2207
    1.3001    0.0080
    0.8485    0.4009
    0.8489    0.4120
    1.2203    0.0639
    1.3503    0.0078
    0.5600    0.2152
    1.0900    0.0266
    0.5854    0.5137
    0.8738    0.4132
    0.6289    0.2649
    0.7210    0.5633
    0.6636    0.5620
    0.7584    0.4083
    0.9285    0.3475
    0.9833    0.1070
    0.9383    0.2149
    1.1513    0.1481
    0.7268    0.5378
    1.2800    0.0255
    0.7175    0.2906
    0.9297    0.2681
    1.1266    0.1339
    1.1699    0.0501
    1.0326    0.2515
    1.1980    0.1643
    0.5059    0.2053
    0.5303    0.2217
    1.1025    0.1452
    0.8995    0.0954
    0.0337    0.0000
    0.0337    0.0000
    0.6878    0.4727
    1.0680    0.2428
    0.5357    0.2480
    0.7785    0.5061
    1.0474    0.0615
    1.0057    0.3069
    0.7163    0.5117
    0.8618    0.4330
    1.1860    0.1635
    0.8682    0.4250
    0.6604    0.5747
    1.1863    0.0030
    0.7819    0.3613
    0.9332    0.0352
    0.7284    0.1743
    1.0562    0.1465
    0.8569    0.2151
    1.2211    0.0081
    1.2366    0.0216
    0.9953    0.2265
    0.4468    0.2579
    1.2177    0.0988
    0.5537    0.1519
    1.2765    0.0990
    1.1797    0.0200
    0.4045    0.2141
    0.9816    0.1259
    1.0999    0.0768
    0.5551    0.4760
    0.5180    0.3113
    0.7687    0.2400
    0.3787    0.1406
    1.2991    0.0015
    1.2526    0.0165
    0.6566    0.5848
    0.0758    0.0266
    0.6824    0.0527
    1.0673    0.1682
    1.2105    0.1349
    0.8644    0.4088
    1.1007    0.2064
    1.3231    0.0457
    1.1546    0.1530
    1.1272    0.1411
    0.8372    0.4160
    1.2613    0.0794
    1.1865    0.1201
    0.7283    0.5014
    0.6954    0.5317
    0.7306    0.5212
    0.8881    0.4199
    0.8953    0.3047
    0.9892    0.1233
    0.6566    0.6349
    1.1190    0.1156
    0.8577    0.0802
    1.3402    0.0131
    0.7110    0.5759
    1.2621    0.0029
    0.8707    0.2658
    0.7182    0.5662
    1.1139    0.0716
    0.6805    0.5805
    0.7704    0.1674
    0.8905    0.2468
    0.8663    0.3865
    0.9984    0.1314
    1.1556    0.1119
    1.1547    0.1227
    1.2711    0.0697
    0.9856    0.2529
    1.2724    0.0656
    1.0440    0.0521
    0.6589    0.5518
    1.1855    0.1883
    1.1630    0.1525
    1.2326    0.0052
    0.9176    0.3853
    0.9317    0.0638
    1.3058    0.0572
    1.1342    0.1016
    0.7322    0.5551
    1.2150    0.1274
    0.9087    0.0371
    0.9331    0.2878
    0.9277    0.3728
    1.1558    0.0652
    0.7604    0.4669
    1.3423    0.0156
    0.4591    0.3620
    0.6469    0.5531
    1.1446    0.1554
    0.7767    0.3221
    0.7405    0.2197
    1.1049    0.1893
    0.9128    0.3421
    0.9386    0.3593
    1.1012    0.0083
    1.0088    0.0316
    0.6882    0.5944
    0.6784    0.6057
    0.5841    0.1880
    1.2675    0.1071
    0.6279    0.0102
    0.5522    0.3130
    0.7848    0.4687
    0.7902    0.5077
    1.2849    0.0655
    1.2670    0.0335
    0.6471    0.4268
    1.1415    0.2124
    0.6213    0.5021
    1.2734    0.0545
    0.8482    0.2761
    0.8154    0.4442
    0.6719    0.6224
    0.9058    0.4018
    0.7087    0.0853
    0.7362    0.5130
    1.2561    0.0144
    0.8810    0.3382
    0.9145    0.3974
    0.9954    0.3096
    1.2304    0.0683
    0.9966    0.0623
    1.1929    0.1452
    1.2514    0.0647
    1.1928    0.0239
    1.1604    0.1466
    0.9719    0.1914
    1.2772    0.0587
    0.8892    0.2211
    1.0775    0.0060
    1.1244    0.1897
    0.7210    0.5236
    1.0350    0.1168
    0.6780    0.4778
    1.0898    0.2077
    0.4607    0.3610
    1.2061    0.0181
    0.7185    0.5308
    1.0377    0.2601
    0.7764    0.4834
    1.1366    0.1361
    1.2196    0.0224
    0.9930    0.3047
    0.7350    0.5577
    0.8277    0.2136
    0.7508    0.1511
    1.2550    0.1231
    1.0998    0.1960
    1.0964    0.2295
    1.1534    0.0797
    0.7509    0.1386
    0.7644    0.0186
    1.2770    0.0420
    0.9608    0.2127
    0.6031    0.4053
    1.1233    0.2253
    1.1255    0.0989
    0.6742    0.6149
    0.7108    0.5136
    0.6824    0.3261
    0.7312    0.3987
    1.1659    0.1265
    1.1948    0.0094
    1.1244    0.0391
    0.8809    0.4200
    0.5127    0.0973
    1.0505    0.2590
    1.0069    0.1584
    0.6205    0.4718
    1.0297    0.2147
    0.9438    0.3663
    0.0711    0.0555
    0.5737    0.2613
    0.6424    0.5193
    0.6038    0.2872
    1.1685    0.1671
    0.7629    0.4954
    0.7471    0.4804
    0.8212    0.4618
    0.9732    0.3375
    1.1294    0.2316
    1.0848    0.2131
    1.1009    0.2529
    1.2780    0.0350
    1.0746    0.0325
    1.1197    0.0690
    0.8420    0.3234
    1.1325    0.1146
    0.9640    0.1909
    0.5677    0.3099
    1.0117    0.1678
    1.0128    0.0659
    0.6281    0.3951
    0.3975    0.2685
    1.1864    0.0239
    0.6199    0.5440
    0.7768    0.1073
    0.9741    0.2145
    0.8561    0.3197
    0.2012    0.1250
    0.4116    0.3346
    0.8807    0.2485
    1.1658    0.0709
    1.1131    0.2358
    0.6744    0.3360
    1.0573    0.2319
    0.4321    0.1506
    0.9803    0.2165
    0.9733    0.1212
    0.9717    0.2530
    1.1773    0.1799
    1.1919    0.1034
    1.2072    0.1652
    1.0416    0.1706
    0.8765    0.4262
    0.9598    0.1198
    0.9377    0.2661
    1.1831    0.1401
    1.0013    0.1260
    1.2791    0.1070
    0.7089    0.5835
    0.9024    0.3421
    1.1635    0.1215
    1.1096    0.0277
    0.6177    0.6045
    0.8247    0.4252
    0.8655    0.0180
    1.1535    0.2062
    1.1871    0.1396
    0.6402    0.6379
    0.7783    0.3598
    1.0087    0.2915
    1.1263    0.0445
    1.1230    0.0304
    1.1872    0.0863
    1.1977    0.0082
    0.7709    0.4649
    0.8112    0.3382
    1.1590    0.0138
    1.1652    0.1280
    0.8536    0.4463
    1.1430    0.0517
    0.6877    0.1509
    0.3024    0.2498
    0.9603    0.1687
    1.0829    0.2693
    0.9008    0.3783
    1.1560    0.0327
    0.8254    0.2563
    0.6199    0.0323
    1.1492    0.1132
    0.9552    0.3592
    1.2352    0.0517
    0.6553    0.5176
    1.1256    0.1474
    0.3911    0.1739
    1.2147    0.0129
    1.0914    0.0273
    1.3498    0.0322
    0.8285    0.3118
    0.8315    0.3538
    0.6472    0.3054
    0.9654    0.3354
    1.1466    0.1669
    0.7133    0.5475
    0.9512    0.3587
    0.5656    0.1596
    0.7932    0.3904
    1.1604    0.0674
    1.3388    0.0327
    1.1923    0.0278
    0.9110    0.2199
    1.2236    0.0149
    0.7801    0.4580
    1.0739    0.0709
    0.8354    0.1524
    0.7755    0.5094
    1.0244    0.2974
    1.0269    0.0064
    0.6337    0.6148
    1.2985    0.0421
    1.1239    0.1566
    0.7653    0.0945
    1.0688    0.1685
    0.9426    0.2810
    0.9984    0.3313
    1.1768    0.0382
    0.8727    0.3298
    1.1871    0.1332
    0.7120    0.5229
    0.7732    0.4329
    1.2471    0.0857
    0.9952    0.0913
    1.1761    0.1306
    1.0925    0.0965
    1.3223    0.0499
    0.9927    0.2345
    0.7136    0.4619
    0.7155    0.3087
    0.5699    0.2144
    0.9568    0.0401
    1.2057    0.1159
    1.1943    0.1128
    1.2218    0.0572
    1.2760    0.0250
    0.8451    0.2444
    1.1125    0.1558
    1.2889    0.0778
    0.8380    0.2312
    1.2968    0.0711
    1.0548    0.2704
    0.8587    0.4187
    1.0502    0.2544
    1.1201    0.0954
    0.7909    0.4175
    1.2421    0.0229
    1.0642    0.2088
    1.0556    0.0518
    1.1885    0.1291
    0.8762    0.4036
    1.0433    0.2049
    0.5441    0.2743
    1.0531    0.0620
    0.9999    0.1805
    0.7353    0.5459
    1.1260    0.0372
    0.7805    0.1805
    1.3160    0.0632
    0.7802    0.5154
    0.9492    0.2829
    0.7865    0.3421
    1.0628    0.0128
    0.9962    0.0492
    1.0387    0.2994
    1.1567    0.0461
    0.8669    0.3911
    1.2342    0.0989
    0.7385    0.4670
    0.7129    0.5687
    0.9114    0.0487
    1.0323    0.2025
    0.7086    0.4178
    1.1868    0.0050
    0.5654    0.4122
    1.3564    0.0227
    1.2552    0.0313
    1.3291    0.0362
    0.8949    0.1264
    1.0269    0.0317
    0.6102    0.2590
    0.6337    0.3457
    0.9987    0.1759
    0.1005    0.0297
    0.9644    0.0236
    1.1338    0.1574
    1.2566    0.0220
    0.9826    0.0749
    1.0190    0.3139
    0.8451    0.0826
    0.7307    0.5384
    0.7490    0.3571
    0.4567    0.4163
    0.7307    0.5464
    0.8566    0.4415
    0.9308    0.2590
    1.0903    0.1208
    1.0527    0.1402
    1.1684    0.1823
    0.6420    0.6146
    0.6517    0.0652
    1.1022    0.0329
    1.2285    0.1395
    0.6694    0.0949
    0.6303    0.4314
    1.2936    0.0170
    1.0482    0.1808
    0.8658    0.3438
    0.7269    0.1081
    0.8820    0.4149
    0.9006    0.3443
    0.8005    0.3112
    1.0312    0.2758
    1.2691    0.0170
    1.0895    0.0642
    1.0769    0.0591
    0.8983    0.3364
    1.0453    0.2553
    0.8912    0.3285
    0.5908    0.2347
    0.6589    0.6354
    0.9912    0.3120
    0.5979    0.4809
    1.1172    0.0880
    1.1967    0.1010
    0.8694    0.0159
    1.1327    0.1321
    1.0024    0.3219
    0.9388    0.0093
    1.2642    0.0480
    0.8318    0.4718
    1.2065    0.1323
    1.2123    0.0464
    0.7417    0.5336
    0.7271    0.4569
    1.1120    0.1200
    1.0393    0.0407
    1.1853    0.1192
    1.2157    0.0055
    1.1353    0.1896
    1.2532    0.0979
    0.9640    0.1552
    0.8076    0.2394
    1.0314    0.1280
    1.0967    0.2239
    1.2643    0.0426
    0.8090    0.4187
    1.0911    0.1205
    1.0586    0.2752
    0.9801    0.2601
    0.7261    0.5020
    1.2734    0.0901
    1.0627    0.1236
    1.2954    0.0670
    1.0517    0.2228
    1.1913    0.1113
    0.8712    0.4101
    0.8403    0.2656
    0.9977    0.0872
    1.1144    0.1160
    0.9829    0.3181
    0.9346    0.1997
    1.1691    0.1628
    1.0894    0.0921
    0.8654    0.3405
    0.7957    0.2073
    1.2179    0.0234
    0.5988    0.2117
    0.8388    0.4627
    1.1647    0.0967
    0.8332    0.0356
    1.1765    0.0959
    1.1336    0.1852
    0.9959    0.1608
    1.2514    0.0634
    0.9476    0.2101
    0.9766    0.3479
    1.1594    0.2083
    0.7981    0.4914
    1.0691    0.2764
    0.3246    0.0024
    0.2330    0.2136
    0.7542    0.4796
    1.1610    0.0119
    1.1112    0.1576
    0.9688    0.3277
    1.0848    0.2483
    1.1339    0.1646
    1.1849    0.1879
    1.1880    0.1863
    0.7833    0.5102
    1.0445    0.0460
    0.2847    0.0194
    0.8088    0.4833
    1.1304    0.2301
    0.9589    0.2786
    0.6559    0.5317
    0.9846    0.0637
    0.9517    0.3530
    1.1852    0.0406
    1.2952    0.0303
    1.1691    0.1047
    1.0917    0.2480
    1.0133    0.2312
    0.5470    0.3183
    1.1958    0.0308
    1.0333    0.2689
    0.9510    0.3507
    1.0327    0.3065
    1.1138    0.1679
    0.9761    0.3262
    0.7569    0.3256
    1.2936    0.0317
    0.9847    0.1178
    1.1052    0.1721
    0.7554    0.2195
    1.1210    0.0811
    0.6680    0.5483
    1.2561    0.1084
    1.1569    0.1308
    1.2881    0.0135
    0.8612    0.3514
    0.7050    0.5666
    1.0138    0.3118
    0.8578    0.3747
    0.6854    0.4837
    1.0823    0.0656
    0.8339    0.3937
    1.0739    0.1868
    1.2008    0.0846
    1.3363    0.0232
    1.1774    0.0217
    0.6623    0.6176
    0.6018    0.1860
    0.8305    0.3808
    1.1872    0.1440
    0.6821    0.6003
    0.6971    0.5230
    1.0427    0.2851
    1.0271    0.1454
    0.6592    0.5031
    0.8886    0.3988
    0.6573    0.5853
    0.8046    0.4396
    0.7979    0.2753
    1.3298    0.0334
    0.7128    0.2814
    1.2146    0.1018
    1.1815    0.0568
    0.9085    0.3045
    0.7046    0.5869
    0.7210    0.3391
    0.5123    0.2604
    1.2917    0.0598
    0.1731    0.1080
    0.7539    0.5178
    0.9951    0.3386
    0.8537    0.2104
    0.7920    0.4649
    0.8838    0.1394
    0.8611    0.3017
    1.2051    0.0902
    0.7266    0.0133
    1.2358    0.0625
    1.1230    0.2293
    1.3387    0.0211
    1.0111    0.2164
    0.3496    0.2255
    1.0003    0.3142
    1.1566    0.0380
    1.1132    0.0437
    1.1656    0.0977
    0.4932    0.2659
    1.1807    0.1326
    0.7359    0.4795
    1.0495    0.2391
    1.0168    0.1166
    0.2406    0.1010
    0.9994    0.2503
    0.6973    0.5876
    0.7893    0.4910
    1.0407    0.0315
    0.7449    0.5271
    1.2332    0.1067
    1.0694    0.1711
    1.0956    0.2171
    0.7569    0.5065
    1.1506    0.0391
    1.0995    0.2115
    1.0836    0.1270
    0.6916    0.5705
    0.6424    0.6321
    1.0117    0.1870
    0.9914    0.1602
    1.3554    0.0151
    0.9929    0.3100
    0.6732    0.6012
    0.7508    0.2930
    0.9062    0.3312
    1.1923    0.0108
    1.1358    0.0750
    0.8536    0.1222
    1.1016    0.2069
    1.1921    0.0541
    0.9125    0.3947
    1.0921    0.0504
    1.2885    0.0646
    1.2407    0.0535
    0.6298    0.5558
    0.9034    0.2302
    1.0364    0.2847
    1.1162    0.1331
    1.2241    0.0049
    0.6634    0.5704
    0.6673    0.1177
    0.6197    0.1924
    0.8454    0.4397
    1.1793    0.0377
    1.2412    0.0436
    1.1216    0.1684
    0.9569    0.0510
    0.9013    0.3561
    1.2994    0.0818
    0.7753    0.5167
    1.2496    0.1143
    1.2265    0.0630
    0.6495    0.6400
    0.8813    0.0185
    0.7840    0.4762
    1.0579    0.0549
    0.8097    0.4069
    0.6509    0.0933
    0.4925    0.3012
    1.1784    0.1093
    0.8591    0.4336
    1.2496    0.0495
    0.1937    0.1710
    1.2285    0.0463
    1.1789    0.1162
    0.8049    0.1730
    1.2108    0.0333
    0.9353    0.0317
    0.7228    0.4716
    0.6479    0.3191
    1.1055    0.1753
    1.2603    0.0434
    1.2903    0.0920
    0.8483    0.0601
    0.6921    0.5168
    0.4872    0.3390
    1.2157    0.0294
    0.8048    0.4350
    0.8124    0.3470
    1.1070    0.2084
    0.6389    0.1188
    0.9758    0.3523
    1.0302    0.1769
    1.0309    0.2044
    0.7672    0.2712
    0.7883    0.4699
    0.6291    0.5463
    1.2744    0.0178
    0.9081    0.3453
    0.8525    0.4552
    1.2462    0.0507
    1.2028    0.1245
    1.0704    0.0852
    0.8768    0.0550
    0.1937    0.1488
    0.8900    0.2142
    0.5450    0.5346
    0.6694    0.5466
    1.0433    0.1303
    0.8194    0.2790
    1.2762    0.0285
    0.8188    0.4809
    0.5296    0.1862
    0.6778    0.5687
    1.0964    0.1674
    1.2072    0.0348
    1.0910    0.2285
    0.9410    0.1149
    0.8969    0.1247
    1.1703    0.1411
    1.2501    0.0009
    0.8837    0.4262
    1.1333    0.0032
    1.0095    0.0365
    1.2423    0.1253
    0.5118    0.4824
    1.0602    0.2111
    1.0068    0.2280
    1.0043    0.2998
    0.9549    0.1679
    0.6395    0.1553
    0.2355    0.1653
    0.7886    0.1402
    1.1461    0.1699
    1.2636    0.0175
    0.6868    0.0437
    0.9861    0.3231
    0.9328    0.3629
    0.5908    0.1113
    1.1036    0.1412
    0.8279    0.4575
    0.6552    0.3125
    0.6561    0.5556
    0.8298    0.4011
    0.9999    0.3344
    0.9280    0.0078
    1.0595    0.1905
    1.1811    0.0650
    0.8551    0.3658
    0.8576    0.3404
    1.2161    0.0157
    1.3071    0.0094
    1.2909    0.0426
    0.7066    0.3103
    0.6593    0.0257
    0.6542    0.5428
    0.7784    0.0000
    1.2397    0.0454
    0.8741    0.2601
    1.0179    0.0733
    1.2761    0.0264
    1.1382    0.0368
    1.3026    0.0326
    0.9200    0.3883
    1.0942    0.2207
    0.7772    0.0924
    0.7668    0.4233
    0.8161    0.4113
    1.3249    0.0722
    0.7670    0.4968
    0.9609    0.2049
    1.1234    0.2117
    0.3775    0.0189
    0.6538    0.5978
    1.1407    0.0366
    0.4485    0.1681
    0.9250    0.2920
    0.6415    0.5385
    0.8892    0.3329
    0.8194    0.2790
    0.5998    0.4428
    1.1192    0.2220
    0.6899    0.6001
    0.7663    0.1055
    0.6396    0.6315
    1.0710    0.1021
    0.8408    0.4306
    0.9846    0.3245
    1.1955    0.0905
    1.3100    0.0426
    0.9882    0.1762
    1.3357    0.0116
    1.2758    0.0779
    1.0631    0.2729
    1.0346    0.3024
    1.2353    0.0853
    0.7614    0.4495
    0.7968    0.3512
    0.6205    0.1909
    0.9897    0.1315
    0.5632    0.4789
    1.2826    0.0502
    1.1142    0.1003
    1.2344    0.0658
    0.9379    0.3307
    0.7245    0.5068
    0.8188    0.4471
    1.3075    0.0539
    0.9857    0.1169
    0.6590    0.6140
    0.6103    0.4061
    1.0343    0.3088
    0.9701    0.3453
    0.7206    0.5304
    1.2871    0.0351
    0.8906    0.3994
    0.7928    0.4547
    1.1022    0.1718
    0.9270    0.2249
    1.2081    0.0463
    0.6391    0.5981
    0.8862    0.0618
    0.8533    0.4147
    0.7482    0.4756
    0.9594    0.3487
    1.1786    0.0894
    1.0400    0.0570
    1.1242    0.0898
    1.3254    0.0664
    0.6678    0.0741
    0.9714    0.0824
    1.2948    0.0767
    0.9995    0.2064
    1.2022    0.0777
    1.0745    0.1251
    1.0940    0.2182
    1.1484    0.1808
    1.1455    0.1758
    1.2605    0.0460
    1.0447    0.2053
    1.1880    0.0914
    0.8923    0.0181
    0.9889    0.3263
    1.1794    0.0203
    0.9912    0.0646
    1.0175    0.0309
    0.9944    0.1944
    1.1574    0.1371
    0.4312    0.0893
    1.1401    0.0653
    0.8054    0.2050
    1.2484    0.0403
    0.7659    0.0427
    1.0985    0.2105
    1.2389    0.0225
    0.9553    0.1853
    0.9712    0.3289
    0.6650    0.5837
    0.5264    0.0235
    1.1121    0.0245
    0.9867    0.2670
    1.0212    0.1830
    0.7757    0.2172
    1.0988    0.1989
    0.5873    0.5793
    1.0111    0.1598
    1.2726    0.1055
    1.1194    0.0297
    0.7869    0.3343
    1.1912    0.0860
    1.0468    0.1429
    0.8132    0.4266
    0.6496    0.6298
    1.0560    0.2909
    1.2381    0.0211
    1.3116    0.0346
    1.1958    0.0268
    0.7584    0.4667
    1.1366    0.1442
    1.0343    0.1234
    1.1905    0.0672
    1.1219    0.0084
    0.2315    0.0393
    0.7156    0.0205
    0.7111    0.5164
    0.1083    0.0618
    0.4587    0.0960
    1.2132    0.1115
    0.8583    0.4274
    0.9902    0.2406
    1.0406    0.1169
    0.8717    0.1036
    0.8968    0.1744
    1.2495    0.1178
    0.7690    0.4819
    1.1794    0.0352
    1.0797    0.1842
    0.6932    0.5638
    1.0693    0.2385
    1.1204    0.0892
    0.2799    0.0496
    1.0111    0.1598
    0.9434    0.1504
    0.7366    0.4042
    1.2013    0.0771
    1.0463    0.2780
    1.0055    0.3122
    0.7120    0.2282
    1.0100    0.3068
    1.1830    0.1446
    0.9887    0.2625
    1.1302    0.2156
    0.8627    0.0296
    1.1933    0.0253
    0.5344    0.3158
    0.7366    0.1061
    1.0930    0.1278
    0.7113    0.1477
    1.2405    0.0434
    0.6823    0.6094
    1.1750    0.1549
    0.3501    0.1483
    1.0686    0.1532
    0.8401    0.4620
    1.2787    0.0524
    0.6859    0.3733
    1.1291    0.2215
    0.5586    0.2099
    1.1249    0.2216
    0.1000    0.0313
    1.2211    0.0516
    1.1795    0.1047
    0.7368    0.1228
    0.9409    0.3356
    0.7276    0.3518
    1.2901    0.0070
    1.2034    0.0559
    1.0521    0.1929
    1.1954    0.0370
    0.8706    0.1703
    0.9337    0.1546
    1.1384    0.1549
    1.2298    0.1480
    0.8790    0.3791
    0.2470    0.0081
    1.0070    0.1908
    0.9135    0.3906
    1.0288    0.0133
    1.2637    0.0680
    0.7052    0.0965
    0.6155    0.6044
    1.1894    0.1788
    0.6451    0.2781
    0.9269    0.3006
    1.1648    0.1413
    0.8287    0.0149
    0.8605    0.2677
    0.7861    0.3844
    0.7790    0.5077
    1.2336    0.1152
    0.5581    0.2822
    0.8375    0.4515
    0.6747    0.5036
    0.7996    0.4935
    1.1879    0.0328
    1.1395    0.0253
    0.8177    0.4753
    1.0714    0.1707
    0.6906    0.1544
    0.7646    0.0962
    1.1638    0.1756
    0.5397    0.1729
    0.9642    0.3431
    1.2386    0.0027
    1.1289    0.0055
    1.0062    0.1598
    0.9701    0.0515
    0.6151    0.2964
    1.3478    0.0089
    0.6662    0.5762
    0.7099    0.3739
    0.7760    0.4725
    1.1133    0.0613
    0.9785    0.3229
    1.1840    0.0582
    0.9132    0.1472
    0.6469    0.6330
    1.3242    0.0045
    1.0372    0.2050
    1.0291    0.2177
    0.7291    0.5575
    1.3684    0.0112
    0.8855    0.3911
    0.8148    0.4170
    0.2378    0.1788
    0.8550    0.4463
    0.8857    0.2162
    0.8475    0.4395
    1.2461    0.1167
    1.3078    0.0272
    1.2888    0.0662
    1.0180    0.1638
    0.6911    0.5358
    1.2416    0.0157
    1.3150    0.0395
    0.9128    0.3651
    0.7034    0.5850
    0.9141    0.3926
    0.8073    0.4298
    0.9710    0.3046
    0.7952    0.4384
    0.4771    0.3022
    1.0143    0.0732
    0.8237    0.2788
    0.3237    0.0831
    1.1752    0.0782
    0.3490    0.3331
    0.7372    0.4281
    0.5412    0.0507
    1.3051    0.0356
    1.2600    0.0330
    0.4948    0.0080
    1.0283    0.0909
    1.0434    0.2799
    1.0136    0.2624
    0.9029    0.0872
    1.2029    0.1239
    1.0224    0.1493
    1.0246    0.2159
    0.7780    0.5072
    0.9146    0.3821
    1.1205    0.1572
    0.7624    0.5350
    1.2749    0.0610
    1.0320    0.1941
    1.1940    0.0758
    1.0913    0.0064
    0.7016    0.3528
    1.2596    0.0301
    0.2581    0.0195
    0.8330    0.1028
    1.1942    0.0929
    0.9211    0.2283
    0.9931    0.0815
    0.7097    0.3911
    1.1795    0.1157
    0.5068    0.0221
    0.9687    0.2761
    1.2569    0.0614
    0.9270    0.0322
    0.8066    0.3773
    1.1012    0.2279
    0.4690    0.3897
    0.6705    0.0952
    0.7609    0.5227
    1.2771    0.0085
    0.6898    0.5286
    0.9788    0.0326
    1.0713    0.0615
    0.9984    0.0115
    0.7145    0.5574
    0.7333    0.5484
    1.0630    0.2236
    0.6614    0.0317
    1.2168    0.0976
    0.7858    0.1513
    0.8849    0.1976
    0.8359    0.4608
    1.1120    0.0587
    0.7443    0.3218
    0.6725    0.3703
    1.0449    0.2479
    0.7763    0.0790
    1.0422    0.1101
    1.3458    0.0060
    1.1797    0.0635
    0.7424    0.1652
    0.6662    0.4994
    0.5646    0.5060
    0.8066    0.4409
    0.9018    0.2256
    1.0366    0.1435
    0.8723    0.3239
    0.8111    0.3458
    0.8999    0.1485
    0.6644    0.6083
    0.6533    0.3728
    1.2811    0.0376
    0.6116    0.5792
    0.6220    0.4922
    1.1968    0.0283
    1.0504    0.2096
    0.8193    0.2829
    1.2075    0.0726
    1.1584    0.1375
    0.9358    0.3437
    0.8773    0.2253
    0.8436    0.2898
    0.8863    0.2479
    0.8292    0.4254
    0.4861    0.4762
    0.8582    0.2032
    0.6549    0.0975
    1.1380    0.1475
    0.9871    0.0553
    0.8361    0.2229
    0.6706    0.5390
    0.2690    0.0152
    1.0061    0.0188
    0.4758    0.4304
    0.8079    0.4555
    0.9912    0.2150
    1.1130    0.0153
    1.1602    0.1011
    0.6647    0.6088
    1.2976    0.0130
    0.5088    0.4063
    1.1332    0.1247
    1.1953    0.0248
    0.9680    0.2202
    0.8839    0.3968
    0.8402    0.0348
    1.1983    0.0144
    1.0255    0.2904
    1.3026    0.0143
    0.2428    0.2106
    0.7767    0.0854
    0.9984    0.3123
    0.7766    0.4090
    0.1952    0.1124
    0.9814    0.1362
    0.7624    0.5159
    0.7831    0.4969
    0.3770    0.0462
    0.7578    0.5191
    0.8484    0.3397
    1.0375    0.0801
    0.8758    0.3697
    1.3331    0.0200
    0.6514    0.5470
    0.5774    0.1130
    0.5145    0.2445
    0.8785    0.3590
    1.2132    0.0105
    1.0937    0.2118
    0.9282    0.3115
    1.2995    0.0446
    1.1839    0.1531
    1.0163    0.2977
    0.3105    0.2373
    0.7471    0.5187
    0.1423    0.0730
    1.0872    0.0705
    0.8504    0.3952
    1.2032    0.1154
    0.8834    0.4076
    0.8670    0.4176
    0.6457    0.5208
    1.1553    0.0652
    1.0427    0.2386
    0.8279    0.4669
    1.0762    0.2361
    0.6168    0.5105
    0.5032    0.3908
    1.2268    0.1237
    0.6264    0.4388
    1.3069    0.0253
    1.1566    0.0487
    1.2238    0.0751
    0.6902    0.5392
    1.1884    0.1540
    0.7583    0.3498
    1.1083    0.1355
    1.1614    0.0505
    0.8315    0.1649
    0.9068    0.3261
    0.7429    0.4040
    0.7953    0.5006
    1.0600    0.1275
    1.2293    0.1440
    1.2486    0.0040
    0.6489    0.6353
    0.7426    0.0237
    1.0085    0.2537
    0.9568    0.1770
    0.7492    0.5424
    0.8710    0.2797
    0.6802    0.6154
    1.2043    0.0688
    1.0057    0.3033
    0.5553    0.1056
    1.1507    0.0258
    1.2099    0.1221
    1.2646    0.0426
    0.6977    0.5941
    1.2521    0.1128
    1.1286    0.1400
    0.9456    0.2791
    0.7571    0.2298
    0.7830    0.4931
    1.3288    0.0544
    0.6356    0.5884
    1.1289    0.2119
    0.9449    0.3475
    1.0071    0.3284
    1.1746    0.1061
    0.9759    0.1389
    1.2551    0.0493
    0.9225    0.3864
    1.2679    0.0695
    0.6479    0.6344
    1.1703    0.0794
    1.2179    0.1424
    0.1560    0.0930
    1.1638    0.1047
    1.0831    0.1730
    1.1999    0.0970
    0.9743    0.2580
    0.6215    0.6114
    0.6195    0.1570
    1.0936    0.1722
    1.0130    0.0368
    1.0035    0.2201
    0.8012    0.4852
    1.0503    0.2761
    0.7532    0.5098
    0.3935    0.0490
    1.0165    0.1624
    1.0864    0.1944
    0.7964    0.3292
    1.1928    0.1630
    0.7130    0.3051
    0.7863    0.0784
    1.1364    0.2233
    0.9007    0.2163
    1.2329    0.0650
    1.0449    0.0940
    0.7072    0.5588
    0.6020    0.5261
    0.8062    0.3995
    1.1937    0.0368
    1.2608    0.0789
    1.0483    0.0597
    1.0847    0.0237
    1.1469    0.0234
    0.5791    0.5629
    0.3221    0.1007
    1.0742    0.2593
    0.9729    0.3533
    0.7030    0.3857
    0.7523    0.0295
    1.0961    0.0735
    0.8922    0.4168
    0.8880    0.4091
    0.6834    0.5586
    1.0537    0.1397
    0.7068    0.5040
    0.6990    0.1753
    0.7331    0.2846
    0.7310    0.5179
    1.1339    0.1029
    0.6576    0.4265
    0.8050    0.3132
    0.5554    0.1020
    0.8756    0.2921
    0.9820    0.2533
    1.1185    0.1150
    1.2498    0.1298
    1.0008    0.3142
    0.1356    0.0820
    1.0730    0.2763
    0.5727    0.2932
    0.7575    0.1791
    1.2242    0.1121
    0.4871    0.3507
    0.7638    0.1129
    0.8659    0.4302
    1.0899    0.1657
    0.9514    0.3341
    0.8450    0.2027
    0.9789    0.2980
    0.6352    0.2963
    0.0963    0.0511
    1.2402    0.0685
    0.8804    0.3332
    0.9535    0.0261
    0.8090    0.4605
    1.1792    0.1375
    1.0617    0.2433
    0.8775    0.1041
    1.1519    0.0756
    0.7914    0.4930
    1.2426    0.0254
    1.1027    0.0649
    0.6637    0.5620
    1.2535    0.0631
    1.0097    0.3139
    0.2038    0.1139
    0.6437    0.3298
    0.5890    0.4268
    1.1541    0.0054
    1.1158    0.1821
    1.1855    0.1223
    1.0489    0.2526
    1.1465    0.0815
    1.1527    0.0453
    1.1326    0.0898
    0.6596    0.5936
    0.7189    0.1887
    0.6780    0.6170
    0.7163    0.5628
    0.8050    0.1712
    1.1405    0.1090
    0.7555    0.1786
    1.1535    0.0599
    1.0632    0.0074
    0.8542    0.2503
    1.0847    0.2644
    1.3519    0.0409
    0.9525    0.2764
    0.8052    0.3860
    1.0752    0.2042
    0.8915    0.3799
    1.1954    0.0673
    1.0941    0.0770
    0.7209    0.5299
    0.7528    0.5112
    1.1770    0.1032
    0.6605    0.2369
    0.9333    0.2039
    1.3272    0.0637
    1.2662    0.0768
    1.0234    0.1061
    1.1984    0.1462
    0.5794    0.2927
    1.2281    0.0239
    1.2979    0.0621
    1.0452    0.1042
    0.5974    0.5066
    0.5582    0.4041
    0.3468    0.1166
    0.9182    0.3700
    0.8654    0.2038
    0.9827    0.2368
    1.1515    0.0197
    1.1227    0.2128
    1.0665    0.2745
    1.0205    0.1723
    0.8980    0.3853
    0.6313    0.5770
    1.2239    0.0819
    1.2361    0.1267
    1.0067    0.0569
    1.0718    0.1308
    0.7810    0.4242
    0.8687    0.4205
    0.6360    0.6266
    1.0884    0.2309
    1.1495    0.0387
    1.0869    0.1156
    0.4859    0.2014
    0.8879    0.2982
    0.2831    0.1165
    0.6892    0.5905
    1.2496    0.0356
    1.1415    0.2120
    0.7236    0.5157
    1.0346    0.2808
    1.2517    0.0470
    0.7507    0.1091
    1.1787    0.1355
    0.7867    0.2118
    0.7552    0.1321
    1.1588    0.1805
    0.8404    0.3387
    0.7725    0.4596
    0.9842    0.3004
    1.1557    0.1603
    0.8515    0.4213
    1.2655    0.0519
    0.6429    0.6252
    0.8506    0.1404
    0.4542    0.0267
    1.0283    0.0417
    0.4541    0.4179
    0.8471    0.4189
    1.2236    0.1170
    1.3287    0.0086
    0.7751    0.1389
    0.7018    0.5835
    0.6500    0.6312
    0.6580    0.4250
    1.2209    0.1375
    1.2610    0.0511
    0.8464    0.2680
    0.9948    0.1517
    0.9484    0.1441
    0.6263    0.3927
    0.5793    0.3285
    0.7469    0.5306
    1.0654    0.2674
    0.5803    0.4546
    0.9550    0.2211
    1.1526    0.2010
    0.8953    0.3260
    0.8614    0.4276
    1.0775    0.0429
    0.6912    0.5301
    1.1415    0.1089
    0.9912    0.2569
    0.7394    0.0758
    0.8559    0.4256
    1.1225    0.2271
    0.8180    0.2367
    0.7337    0.3804
    0.7982    0.0304
    1.3251    0.0522
    0.7955    0.4397
    1.2398    0.0760
    1.1145    0.0072
    1.0440    0.2706
    1.0037    0.1039
    1.3233    0.0598
    0.6862    0.5668
    0.7966    0.3681
    0.9115    0.3942
    1.0264    0.2063
    0.8116    0.3123
    0.8152    0.4826
    0.7547    0.3581
    0.8340    0.4225
    0.6345    0.2928
    0.7475    0.5360
    0.6520    0.5888
    1.3619    0.0059
    0.7281    0.5515
    0.8642    0.4209
    1.0850    0.1029
    0.6602    0.6270
    1.1963    0.0015
    0.8615    0.3476
    0.7847    0.4530
    1.1418    0.0304
    1.1222    0.1134
    0.7176    0.3448
    1.1585    0.1494
    1.1076    0.1205
    1.0983    0.1241
    0.9213    0.2197
    0.9640    0.1980
    1.2793    0.0442
    0.7093    0.5641
    0.8248    0.4733
    0.7972    0.0625
    1.0624    0.1406
    0.7789    0.2984
    1.0854    0.2378
    0.8846    0.4144
    0.6471    0.4036
    1.0351    0.0969
    0.7087    0.4794
    1.1610    0.0604
    0.7867    0.4406
    0.9551    0.3395
    1.1953    0.1108
    0.9386    0.2888
    0.5537    0.2253
    1.0507    0.2499
    1.3081    0.0221
    0.8422    0.3350
    1.0886    0.2632
    1.3614    0.0004
    1.0217    0.2494
    1.2110    0.0771
    1.2040    0.1330
    1.2005    0.1397
    1.1002    0.0738
    1.3027    0.0393
    1.0102    0.2079
    1.2911    0.0180
    1.0105    0.0860
    1.2210    0.1414
    1.1461    0.0574
    0.4387    0.2390
    0.6843    0.5699
    1.0037    0.1988
    1.1051    0.0321
    0.5878    0.5586
    0.6698    0.5735
    1.0288    0.0167
    0.7258    0.4865
    0.8016    0.3685
    0.7746    0.3721
    1.1795    0.0449
    0.9294    0.1686
    1.0912    0.1902
    0.7513    0.2814
    0.7002    0.1697
    1.0612    0.1082
    0.9693    0.2018
    0.7698    0.5117
    0.5565    0.5068
    1.0378    0.2301
    0.9080    0.2204
    0.6853    0.4077
    0.7175    0.3428
    1.2270    0.1372
    0.8187    0.1751
    0.7795    0.4851
    0.8746    0.3599
    1.2249    0.0720
    0.8218    0.2530
    1.0175    0.1592
    1.2516    0.0130
    0.6134    0.1077
    1.1259    0.1584
    1.2906    0.0060
    1.2833    0.0269
    1.1909    0.0312
    1.1673    0.0865
    1.1519    0.1757
    0.7597    0.1557
    1.1480    0.2153
    1.1859    0.0163
    0.9900    0.3409
    1.0671    0.2212
    0.9870    0.1137
    0.7799    0.4052
    1.2331    0.0202
    1.0498    0.2151
    1.1092    0.2124
    0.9942    0.1000
    1.1261    0.1711
    0.5760    0.1720
    0.9737    0.1450
    1.0596    0.2262
    0.2377    0.0634
    1.3402    0.0201
    1.0494    0.2446
    1.1878    0.1172
    0.9353    0.2444
    1.1611    0.0574
    1.0518    0.2136
    1.0670    0.1851
    1.0852    0.1805
    1.2680    0.0091
    1.1452    0.0062
    1.0096    0.3024
    0.7520    0.5297
    0.6731    0.5620
    0.3092    0.2698
    1.2415    0.1121
    1.2232    0.0121
    0.3675    0.2731
    1.1601    0.0020
    0.9740    0.0808
    1.3438    0.0053
    0.7630    0.4542
    1.1424    0.0906
    0.8280    0.4591
    1.2726    0.0331
    1.2959    0.0773
    1.1721    0.0563
    1.3033    0.0802
    0.9825    0.0242
    1.1021    0.2325
    0.8926    0.3710
    0.7828    0.4491
    1.0655    0.2194
    0.8723    0.0880
    1.2239    0.1395
    0.6458    0.0346
    1.3629    0.0191
    1.0438    0.0949
    0.7075    0.5301
    1.1476    0.1273
    0.9551    0.0860
    1.1184    0.2035
    1.2963    0.0852
    1.2710    0.0335
    1.2926    0.0040
    1.1757    0.0786
    0.6974    0.5878
    0.9714    0.1729
    0.8715    0.1333
    0.6657    0.3690
    1.1061    0.0127
    1.2062    0.1461
    0.6208    0.5549
    0.7527    0.4690
    0.8012    0.4585
    0.8840    0.3969
    0.7155    0.3653
    1.1286    0.2069
    0.8346    0.4301
    0.4959    0.4022
    0.7212    0.5346
    0.6724    0.1625
    0.7436    0.5217
    0.7545    0.4253
    0.6712    0.5097
    1.2359    0.0778
    0.8847    0.4097
    0.7977    0.4380
    0.8830    0.3451
    0.3749    0.1262
    0.8842    0.1747
    0.9626    0.2891
    1.1872    0.1766
    0.8195    0.4528
    0.8624    0.1442
    1.1560    0.0965
    0.5092    0.4491
    1.0698    0.1162
    0.6983    0.5319
    0.9865    0.0715
    0.7568    0.5113
    1.1136    0.0259
    0.6612    0.5647
    0.9025    0.2652
    0.6000    0.5940
    1.2511    0.0139
    0.9807    0.3339
    0.9950    0.0211
    1.2480    0.1013
    0.8421    0.2041
    0.4753    0.4208
    1.1832    0.0865
    0.9460    0.2369
    0.3801    0.2245
    1.1852    0.1404
    0.8554    0.2786
    0.7687    0.2786
    0.8621    0.1828
    0.7993    0.4801
    0.9842    0.2121
    1.0301    0.1641
    0.5753    0.2242
    0.9191    0.3878
    0.8350    0.4602
    0.7138    0.4845
    0.9687    0.3424
    0.8031    0.4472
    1.2130    0.0771
    0.5361    0.4245
    1.2293    0.0296
    1.1944    0.1019
    0.9900    0.1540
    0.6110    0.5578
    1.2245    0.1173
    0.7676    0.0706
    0.6899    0.3652
    0.6994    0.4120
    1.0300    0.1518
    1.2175    0.0687
    0.3729    0.3615
    0.8660    0.4389
    0.1427    0.0066
    1.0835    0.2551
    1.1844    0.0108
    0.9803    0.3371
    0.6781    0.1578
    1.1790    0.0323
    0.6754    0.4642
    1.0313    0.2955
    0.8360    0.1764
    0.9518    0.3356
    0.1773    0.1421
    0.5159    0.3852
    1.1675    0.1121
    1.0900    0.1949
    1.1398    0.1422
    1.3109    0.0657
    1.2544    0.0223
    1.2713    0.0739
    1.0741    0.1626
    1.0613    0.0295
    0.9265    0.0527
    1.2041    0.1380
    1.1135    0.1373
    0.9154    0.0722
    0.6696    0.5549
    0.8521    0.4537
    0.3539    0.1568
    1.1145    0.2164
    1.1313    0.1075
    1.2121    0.0428
    1.1844    0.0452
    0.8028    0.4616
    1.0308    0.2331
    0.6770    0.1551
    1.2436    0.0069
    0.6437    0.5881
    0.6815    0.4959
    0.1883    0.1075
    0.8322    0.1857
    0.7203    0.2583
    1.1554    0.1388
    1.0417    0.2774
    0.9061    0.2005
    1.2570    0.0210
    1.2031    0.1328
    0.9421    0.2710
    0.4990    0.0550
    0.8080    0.1354
    0.9351    0.3215
    1.1085    0.0637
    0.3183    0.1218
    0.6811    0.1302
    1.0645    0.1315
    1.1007    0.1185
    1.1444    0.1346
    0.9098    0.2957
    1.1505    0.1985
    1.2109    0.0676
    1.2526    0.1118
    1.2788    0.0977
    1.1705    0.0159
    0.9517    0.2557
    0.8192    0.1154
    1.0198    0.0205
    1.0762    0.2277
    0.7434    0.5458
    1.1052    0.1719
    0.9066    0.3948
    0.7317    0.2138
    1.0075    0.0833
    1.0661    0.2636
    0.7652    0.4008
    1.0254    0.2883
    0.9527    0.1921
    0.2867    0.2641
    0.6504    0.4807
    1.2079    0.0608
    0.5573    0.4070
    1.2504    0.0786
    1.2644    0.0812
    0.9355    0.3691
    0.4488    0.2228
    1.2615    0.0380
    0.4930    0.0846
    0.8433    0.0410
    1.1497    0.2141
    0.8360    0.1145
    1.0155    0.1330
    1.2635    0.0946
    1.1816    0.1350
    1.0173    0.1443
    1.3221    0.0266
    0.7084    0.1442
    1.2497    0.0615
    0.9548    0.3594
    0.6668    0.6078
    0.9606    0.1801
    0.8714    0.4126
    0.6364    0.6298
    1.0204    0.0648
    1.3354    0.0289
    0.7208    0.5128
    0.9002    0.4050
    0.7953    0.2360
    0.7056    0.5350
    1.2540    0.0424
    1.1416    0.1708
    0.4311    0.1369
    0.2437    0.1131
    1.0828    0.1814
    1.0437    0.0685
    1.2525    0.0469
    0.8451    0.1996
    1.3051    0.0010
    0.4076    0.1645
    1.2398    0.0913
    1.2553    0.0740
    0.9665    0.3396
    1.0592    0.1309
    1.1130    0.0356
    1.0998    0.1182
    0.3903    0.0272
    1.3438    0.0151
    1.3664    0.0114
    0.7245    0.5468
    1.0409    0.2218
    0.8446    0.0806
    1.3357    0.0107
    1.0641    0.1815
    1.2468    0.0898
    0.9787    0.3493
    1.1764    0.1176
    0.7019    0.5945
    1.3170    0.0168
    0.7895    0.0421
    1.2746    0.0487
    1.1717    0.0530
    1.2073    0.1578
    1.2078    0.0908
    0.7153    0.5600
    1.1549    0.1035
    0.7306    0.5228
    0.9344    0.0018
    1.1561    0.1626
    1.0394    0.2252
    0.8934    0.2270
    0.8594    0.1307
    1.0181    0.2086
    1.1030    0.0909
    0.7465    0.5117
    0.8850    0.3662
    1.1403    0.0307
    1.2070    0.0810
    0.5752    0.5217
    0.7095    0.2349
    1.0640    0.1815
    0.9925    0.1068
    0.5899    0.1523
    0.6702    0.5079
    0.9315    0.2773
    0.6562    0.2734
    0.1109    0.0570
    0.3593    0.2697
    1.2056    0.0630
    0.7034    0.5243
    1.2571    0.0144
    1.1569    0.0819
    1.1126    0.1576
    1.2630    0.0380
    0.7865    0.2977
    1.0759    0.2735
    1.2411    0.0017
    1.2037    0.1506
    0.6492    0.6269
    0.8387    0.4178
    1.0021    0.0779
    1.1333    0.2316
    0.9417    0.1762
    0.7797    0.4983
    0.8115    0.4356
    0.7583    0.3789
    1.1189    0.1553
    0.8248    0.1975
    0.8415    0.3922
    0.9649    0.1938
    0.9815    0.3377
    1.1258    0.0465
    1.0788    0.0813
    0.7011    0.0145
    1.2111    0.1406
    0.9922    0.3409
    0.7329    0.5327
    0.7929    0.4064
    0.9688    0.0845
    0.6158    0.5938
    1.2785    0.0955
    1.2763    0.0680
    1.2172    0.0153
    0.8506    0.4508
    0.9837    0.0033
    1.3123    0.0562
    0.9571    0.3499
    1.0354    0.0758
    0.6193    0.2715
    0.8700    0.3790
    1.2401    0.0793
    1.3340    0.0228
    0.4161    0.2524
    1.1963    0.1581
    0.7144    0.2800
    1.1033    0.0646
    0.6290    0.5809
    0.3299    0.1930
    1.1844    0.0094
    1.0826    0.1943
    0.9244    0.3708
    0.9429    0.0818
    1.2818    0.0712
    1.2976    0.0110
    1.1068    0.2520
    1.2152    0.0854
    0.6615    0.5372
    1.2101    0.0144
    0.9873    0.2911
    1.1078    0.1926
    0.8491    0.2805
    0.9012    0.3926
    0.6219    0.5537
    0.7616    0.4282
    1.1164    0.0505
    1.1687    0.0545
    0.3202    0.2790
    1.1265    0.1969
    1.0560    0.2294
    0.9744    0.0279
    0.6085    0.5337
    1.3288    0.0464
    1.3272    0.0126
    1.2264    0.0792
    0.8343    0.4271
    0.9893    0.2714
    0.9551    0.0933
    1.0477    0.2588
    1.0247    0.0222
    1.2816    0.0407
    0.8380    0.3483
    0.9682    0.3480
    1.2400    0.1013
    1.1558    0.0274
    1.2586    0.1119
    1.2727    0.0515
    0.9169    0.3741
    0.8994    0.3761
    1.2234    0.0235
    0.4667    0.2557
    1.2534    0.0659
    0.8905    0.3752
    1.2075    0.1320
    1.2903    0.0771
    0.9572    0.2653
    1.1605    0.1318
    1.2960    0.0411
    1.3297    0.0192
    0.8678    0.2832
    1.2380    0.1227
    0.7861    0.0465
    1.2121    0.0960
    0.7513    0.0000
    1.0881    0.0249
    1.1622    0.0882
    0.9236    0.1277
    1.3028    0.0710
    1.2401    0.1106
    1.1367    0.1217
    0.4781    0.0019
    0.9634    0.2821
    0.5000    0.3000
    0.1337    0.0441
    1.1898    0.0189
    1.0722    0.0342
    0.7303    0.4911
    1.0400    0.2457
    0.8744    0.0078
    1.1635    0.0312
    0.6220    0.5101
    1.3041    0.0100
    0.9030    0.4105
    0.6574    0.6071
    1.0002    0.3321
    0.9387    0.3200
    0.9416    0.2412
    0.6820    0.1174
    0.5881    0.4137
    0.9746    0.3312
    1.1334    0.2272
    0.8097    0.4574
    0.9964    0.1348
    1.1441    0.0694
    1.1019    0.0764
    1.2180    0.0638
    0.7769    0.5049
    0.8452    0.3131
    1.2805    0.0195
    1.0612    0.0610
    1.1940    0.0948
    0.5690    0.4732
    0.6602    0.4905
    1.2606    0.0184
    0.5381    0.2279
    0.8877    0.4028
    0.9380    0.0874
    0.9805    0.2665
    0.7850    0.4574
    0.7297    0.5453
    0.6176    0.5102
    0.9615    0.3534
    0.7397    0.0478
    1.2220    0.0657
    1.2731    0.0058
    1.1408    0.1054
    0.8838    0.2290
    1.0964    0.1770
    1.2661    0.0403
    0.8184    0.1634
    1.3041    0.0116
    0.8966    0.0844
    1.2593    0.0740
    1.2555    0.1174
    1.2096    0.0557
    1.1046    0.2246
    0.8167    0.0510
    0.8288    0.4592
    0.9551    0.2000
    1.1554    0.2112
    0.9643    0.2753
    0.8397    0.4374
    1.0511    0.0707
    1.1712    0.1163
    1.0566    0.0683
    1.2580    0.0360
    1.2498    0.0879
    0.8967    0.0794
    0.9513    0.3590
    1.2379    0.0764
    1.1818    0.0308
    1.1899    0.0379
    0.7029    0.5762
    0.8982    0.1167
    0.3759    0.0991
    0.9296    0.1699
    0.9293    0.3430
    0.9795    0.3468
    1.2271    0.0153
    0.6008    0.5276
    1.0129    0.2981
    1.2315    0.0488
    1.0093    0.3167
    0.9402    0.3200
    1.2022    0.0052
    1.0212    0.2836
    0.7383    0.3630
    0.8182    0.0621
    1.1422    0.2212
    0.6388    0.4315
    0.9175    0.3696
    0.7733    0.3225
    1.3245    0.0569
    0.9030    0.2997
    0.7869    0.5112
    0.9364    0.0506
    0.9915    0.3050
    1.1003    0.1565
    0.7320    0.5373
    1.0761    0.2361
    0.7050    0.4871
    0.9567    0.1843
    1.0543    0.0359
    1.1643    0.0719
    0.7496    0.4896
    0.5115    0.4462
    0.8993    0.3746
    0.8830    0.4284
    0.9138    0.2879
    1.2006    0.1258
    1.1717    0.0413
    0.7919    0.0292
    1.1452    0.0119
    1.0819    0.0739
    0.6713    0.4861
    1.2325    0.0950
    1.2659    0.0535
    0.9661    0.0289
    1.0414    0.2747
    1.1297    0.2088
    1.0146    0.0307
    1.0787    0.1332
    0.9691    0.0294
    0.8903    0.4091
    1.3103    0.0597
    1.0880    0.1929
    0.8328    0.4562
    1.2304    0.1382
    0.9960    0.2786
    1.1368    0.0079
    0.7429    0.5242
    1.1482    0.0040
    0.7655    0.4373
    0.7230    0.4425
    0.7592    0.0804
    1.0565    0.1702
    0.9873    0.3396
    0.8023    0.1507
    1.1303    0.0949
    1.0997    0.1059
    0.7658    0.3541
    0.9302    0.0854
    1.1178    0.2136
    1.1550    0.1023
    1.0930    0.2399
    0.2757    0.0388
    0.4388    0.1503
    0.9240    0.3435
    0.9372    0.3731
    1.0556    0.2909
    1.2636    0.0372
    0.8375    0.4240
    1.3058    0.0780
    0.4796    0.3177
    0.8098    0.4759
    1.1617    0.1870
    0.9944    0.2930
    0.8261    0.4521
    0.8101    0.1582
    1.2267    0.0382
    0.7539    0.5182
    1.0818    0.2448
    1.0481    0.2625
    0.9084    0.3651
    0.5513    0.1619
    1.1469    0.1318
    0.9223    0.3561
    1.1333    0.0136
    0.8657    0.4414
    0.4218    0.2601
    0.8462    0.4392
    0.6645    0.5818
    1.2034    0.0609
    1.0834    0.2649
    1.1325    0.1692
    1.0290    0.1567
    1.1809    0.0063
    1.0520    0.2829
    0.4770    0.4740
    1.2862    0.0861
    0.7193    0.2676
    0.8149    0.4226
    1.0904    0.1269
    1.0817    0.1749
    1.0682    0.0039
    0.4711    0.2066
    0.6638    0.6259
    0.6719    0.3522
    0.3716    0.1271
    0.8659    0.4125
    0.6987    0.5842
    0.6385    0.6312
    1.1968    0.1123
    0.4561    0.0348
    0.8252    0.3576
    1.3473    0.0047
    1.1903    0.1517
    1.1369    0.0544
    1.0826    0.1270
    0.6029    0.4870
    1.1777    0.1754
    1.0044    0.3195
    1.2515    0.1183
    1.2621    0.0413
    1.0304    0.1601
    1.1890    0.1214
    0.6624    0.5956
    1.1039    0.0629
    1.0602    0.0561
    1.2524    0.0641
    1.2257    0.0382
    1.1484    0.1813
    1.2828    0.0636
    0.8381    0.2649
    1.2720    0.0155
    0.9503    0.2302
    0.9594    0.3362
    1.2736    0.0094
    1.1193    0.2176
    0.8459    0.2556
    0.6338    0.5975
    0.7633    0.3229
    0.9923    0.2613
    1.2358    0.0728
    0.8061    0.4617
    0.8405    0.3346
    0.5929    0.5608
    0.9678    0.3263
    0.7308    0.4475
    0.5641    0.4977
    0.8744    0.3663
    1.2092    0.1100
    1.0310    0.0992
    1.2104    0.1293
    0.9002    0.2847
    1.0909    0.2324
    0.9523    0.1599
    1.0875    0.2581
    1.2285    0.0939
    1.1842    0.0591
    1.1371    0.0683
    1.2450    0.0484
    0.9192    0.0224
    0.6945    0.5197
    0.8829    0.2577
    0.4355    0.0844
    0.7362    0.5529
    0.7859    0.4724
    1.1177    0.1873
    1.0844    0.0352
    1.0793    0.1809
    1.2503    0.0273
    0.8598    0.1151
    1.0822    0.0510
    0.8868    0.4236
    0.9270    0.3825
    1.3101    0.0166
    1.2637    0.0935
    1.3232    0.0631
    1.3240    0.0618
    1.1849    0.1093
    0.6594    0.5912
    1.2236    0.0785
    1.1607    0.0670
    1.0169    0.1562
    1.0449    0.1891
    1.2448    0.0910
    0.9844    0.2161
    0.9725    0.2107
    0.7545    0.5079
    0.6994    0.4097
    1.2456    0.1114
    0.9901    0.0078
    0.9456    0.0317
    1.1549    0.2110
    0.9437    0.0225
    0.9819    0.0486
    0.8583    0.3802
    0.7016    0.5531
    0.7767    0.3221
    1.3021    0.0295
    1.2442    0.0978
    1.0913    0.0010
    0.5107    0.4930
    0.8482    0.4257
    1.2658    0.0770
    0.7205    0.4549
    0.7644    0.5278
    0.7825    0.3474
    1.0753    0.1288
    0.6874    0.4141
    1.0801    0.0601
    1.1405    0.1406
    0.5925    0.2700
    1.2420    0.0404
    1.0129    0.1283
    1.3337    0.0053
    0.9721    0.1120
    1.1542    0.0986
    1.0817    0.2540
    0.7767    0.5134
    0.6242    0.5843
    0.8434    0.1792
    1.0300    0.3087
    0.8603    0.3919
    1.0120    0.2817
    1.0305    0.1774
    0.8687    0.4115
    0.7942    0.3112
    1.2118    0.0387
    1.2652    0.1193
    0.8107    0.1071
    0.9857    0.3195
    1.0961    0.2250
    0.7067    0.4109
    0.6942    0.5936
    0.7301    0.4799
    1.2370    0.0484
    1.2497    0.0854
    0.2332    0.1746
    0.7323    0.5443
    1.2780    0.0370
    1.2275    0.1231
    0.5797    0.1295
    1.1507    0.1567
    1.2194    0.0270
    0.6805    0.5411
    1.3143    0.0464
    1.2783    0.0826
    1.0832    0.2496
    1.0971    0.1387
    1.0026    0.2851
    1.0965    0.2155
    0.6927    0.5097
    1.2103    0.1172
    1.3106    0.0054
    0.9854    0.2882
    0.8110    0.4610
    0.9669    0.2927
    1.2491    0.0486
    1.0700    0.2469
    0.9906    0.1822
    0.9593    0.2268
    0.3507    0.2115
    1.3182    0.0196
    1.2611    0.0188
    1.2577    0.0543
    0.6889    0.3509
    0.8809    0.3571
    1.1861    0.0829
    0.8772    0.4133
    1.1852    0.0927
    0.9584    0.3261
    1.0342    0.2732
    0.7140    0.1813
    0.7906    0.4264
    1.2975    0.0639
    1.0545    0.1282
    0.7729    0.4194
    1.1129    0.0206
    1.2011    0.1479
    1.3237    0.0134
    1.2770    0.0220
    1.0620    0.2432
    0.7358    0.5459
    1.0020    0.2121
    1.0550    0.2003
    1.2797    0.0537
    1.0717    0.0469
    1.3063    0.0612
    1.2306    0.1141
    0.6329    0.5827
    0.5363    0.0804
    1.0551    0.1357
    1.2605    0.1036
    1.0658    0.0520
    1.0191    0.1729
    0.6220    0.1004
    1.0772    0.2248
    0.5262    0.3480
    0.9450    0.3360
    0.9783    0.1234
    1.1346    0.2005
    0.9812    0.3289
    1.0654    0.2125
    0.7263    0.4405
    0.8093    0.4650
    0.8765    0.1861
    0.6780    0.1062
    1.1474    0.0716
    0.9590    0.3528
    1.1721    0.0918
    0.9595    0.1461
    1.0794    0.0677
    1.2008    0.0392
    0.6538    0.6190
    1.0843    0.1020
    0.8363    0.3988
    0.9924    0.1666
    1.1831    0.0939
    1.1414    0.0911
    1.2404    0.1293
    0.6666    0.0677
    1.1786    0.0854
    1.3594    0.0213
    0.5944    0.5011
    1.0033    0.0284
    1.0824    0.1691
    1.1670    0.1551
    1.1323    0.1061
    0.9498    0.0796
    1.1119    0.1481
    0.7554    0.4986
    1.2691    0.0139
    1.0748    0.2223
    0.6637    0.5686
    0.2592    0.2370
    0.9669    0.3025
    0.4741    0.4654
    0.9606    0.1484
    0.8910    0.4136
    0.8666    0.3904
    0.6982    0.4842
    0.7100    0.4659
    1.1190    0.0109
    0.7133    0.5563
    1.2448    0.1303
    0.6001    0.0599
    1.1935    0.1269
    0.7828    0.0153
    1.0420    0.1641
    1.0028    0.0221
    0.8476    0.3102
    1.1912    0.1387
    1.2568    0.0749
    0.5206    0.0316
    1.2582    0.1176
    1.3048    0.0683
    1.2938    0.0578
    1.2815    0.0325
    0.6610    0.5957
    0.6873    0.3472
    0.6170    0.5272
    0.6636    0.6188
    0.2030    0.0643
    1.2636    0.0099
    1.2105    0.1178
    0.8215    0.4322
    1.3195    0.0189
    1.1232    0.1421
    0.7556    0.3319
    0.8936    0.3956
    1.1359    0.1930
    0.7062    0.5464
    1.0855    0.2002
    0.9877    0.2406
    0.7922    0.4895
    1.0805    0.2301
    0.7313    0.4101
    0.9877    0.3190
    0.7013    0.5158
    1.2439    0.0763
    1.2569    0.0178
    0.8491    0.2965
    1.1512    0.1952
    1.0390    0.1789
    0.6942    0.5428
    0.9088    0.0770
    1.2464    0.1191
    0.9784    0.1070
    0.9543    0.2667
    0.9151    0.3832
    1.3187    0.0018
    0.8547    0.3728
    1.1328    0.1583
    1.1861    0.0412
    1.1602    0.1992
    1.1455    0.1377
    1.1969    0.1195
    0.8646    0.4387
    1.1892    0.0916
    1.0894    0.0143
    0.7724    0.5118
    0.7713    0.2487
    1.0989    0.1915
    1.3220    0.0670
    0.5094    0.4539
    1.1453    0.1054
    1.1412    0.1074
    1.1685    0.0119
    0.6383    0.6375
    1.1454    0.1726
    1.0562    0.2728
    0.8097    0.3883
    1.1932    0.0432
    1.1096    0.0324
    1.1293    0.2073
    1.2189    0.1252
    0.7660    0.3493
    0.7620    0.0028
    0.6138    0.5945
    0.1805    0.0897
    1.1461    0.1218
    1.0886    0.1406
    1.1086    0.0049
    1.2745    0.0460
    0.6181    0.5585
    1.0914    0.1215
    0.7764    0.5003
    1.2333    0.0906
    1.1343    0.1537
    0.2787    0.2626
    1.1340    0.1370
    1.1150    0.0059
    1.2003    0.0257
    0.9862    0.0220
    0.0981    0.0379
    0.6831    0.3882
    1.2926    0.0206
    1.0455    0.0850
    0.9481    0.3507
    0.9348    0.3784
    1.1984    0.0582
    1.2777    0.0587
    0.9343    0.1460
    0.8352    0.3451
    0.7419    0.5054
    0.6700    0.6238
    1.0778    0.2158
    1.2077    0.0011
    1.2232    0.1111
    1.2581    0.0085
    0.8250    0.4719
    0.8402    0.4349
    0.8608    0.4493
    1.2468    0.1303
    0.9728    0.3034
    0.7489    0.0977
    1.2173    0.1225
    0.2345    0.1228
    0.5972    0.5031
    1.0264    0.0045
    0.9634    0.2224
    1.0040    0.0961
    0.9815    0.3477
    0.3269    0.1767
    0.6480    0.5646
    1.2825    0.0315
    0.6239    0.3588
    0.8530    0.4231
    0.9574    0.1866
    1.2789    0.0860
    1.2339    0.0653
    0.6543    0.6366
    1.2196    0.0518
    0.8881    0.3563
    0.9471    0.1774
    1.2190    0.0539
    0.8243    0.4156
    1.0072    0.2786
    1.0105    0.2248
    0.4942    0.3644
    0.9755    0.0624
    1.1624    0.1457
    0.6974    0.5800
    1.0159    0.2321
    1.2202    0.0853
    0.6080    0.5816
    1.2819    0.0877
    1.0959    0.0673
    1.1962    0.0700
    0.5735    0.0692
    0.9638    0.2735
    0.4337    0.2820
    0.9765    0.1720
    0.7254    0.3930
    1.0357    0.2771
    1.0143    0.3188
    0.9401    0.0621
    0.9135    0.3750
    0.8624    0.0265
    1.0327    0.0326
    0.8276    0.1349
    1.0942    0.1721
    1.1338    0.2009
    0.9462    0.2101
    0.7304    0.1881
    1.0028    0.0888
    1.2334    0.0215
    1.1336    0.1777
    1.0544    0.0162
    1.1451    0.0500
    1.1046    0.1331
    1.1328    0.0005
    0.8646    0.0758
    0.8006    0.2887
    1.1210    0.1112
    0.8676    0.4092
    0.6127    0.4286
    0.8037    0.4823
    0.9112    0.0816
    1.2722    0.0304
    0.7008    0.5941
    0.8930    0.1782
    1.1326    0.0831
    0.6589    0.2210
    0.5907    0.3367
    1.0446    0.1699
    0.6673    0.5329
    1.0609    0.1697
    1.1681    0.1610
    1.3071    0.0064
    0.9561    0.2993
    0.9493    0.2966
    1.1013    0.2566
    1.0910    0.0937
    1.1372    0.1011
    0.8915    0.2528
    0.9102    0.0783
    0.7863    0.5052
    0.8394    0.2943
    0.7944    0.2801
    0.7423    0.4779
    1.2705    0.0153
    0.6805    0.6136
    0.4943    0.1371
    1.0012    0.2202
    0.7306    0.5029
    0.2733    0.0369
    0.4407    0.0428
    0.6524    0.2657
    1.0313    0.0899
    0.8403    0.1976
    1.2123    0.1086
    0.6505    0.4078
    1.2213    0.0891
    1.2697    0.0935
    1.2106    0.1214
    1.2563    0.0437
    1.1745    0.1022
    0.8244    0.0461
    0.6802    0.5291
    1.0009    0.1250
    1.0957    0.2098
    0.9739    0.3285
    1.1154    0.0134
    1.1753    0.1759
    0.9993    0.0529
    1.1568    0.0931
    1.2241    0.0244
    0.7990    0.3905
    0.9269    0.3650
    0.9488    0.1974
    1.1172    0.1934
    0.6633    0.6084
    0.6550    0.4420
    1.2258    0.0975
    0.9559    0.1990
    0.8190    0.1743
    0.7985    0.4894
    0.9560    0.3500
    1.1764    0.0248
    0.2623    0.0608
    1.0762    0.2008
    1.2353    0.0671
    1.0293    0.2132
    1.1253    0.0613
    0.8257    0.2584
    1.0774    0.2120
    0.9075    0.4047
    1.1476    0.2051
    0.9861    0.3275
    1.1296    0.2317
    0.7418    0.5195
    0.6640    0.6178
    0.6952    0.5834
    0.7720    0.4753
    0.9142    0.3441
    1.1335    0.0735
    0.8695    0.0588
    1.1893    0.1290
    0.7755    0.5059
    0.7740    0.4231
    1.1378    0.1147
    0.7653    0.4673
    0.8544    0.3746
    0.5322    0.4297
    0.8891    0.1202
    0.8489    0.2508
    1.1126    0.0069
    0.6622    0.5649
    0.9812    0.3284
    1.2184    0.0963
    1.2112    0.1050
    1.2527    0.0480
    1.1338    0.2020
    1.2229    0.0752
    0.6155    0.0215
    0.8132    0.3160
    1.0875    0.2058
    0.8413    0.4434
    0.1194    0.0157
    1.3072    0.0375
    0.9141    0.3691
    1.2009    0.0915
    1.1339    0.0358
    0.7294    0.0312
    0.9243    0.1649
    0.7113    0.5762
    0.9450    0.3283
    1.2913    0.0861
    1.2150    0.0762
    1.1260    0.1625
    1.2172    0.0374
    1.1086    0.2332
    1.2040    0.0810
    1.0451    0.2351
    0.7420    0.5289
    0.9780    0.3082
    0.4851    0.3645
    0.4587    0.2544
    0.9497    0.2637
    0.6431    0.4488
    0.9379    0.3240
    0.7599    0.0720
    0.9583    0.3103
    0.8642    0.3302
    1.1046    0.1229
    0.7993    0.3461
    0.8683    0.1959
    0.9030    0.3904
    1.3078    0.0828
    0.7145    0.5540
    1.1550    0.1028
    0.7463    0.5164
    0.6714    0.6153
    0.5801    0.5669
    0.8547    0.4269
    1.3386    0.0208
    1.1685    0.1587
    1.0234    0.2595
    0.3373    0.2580
    0.2982    0.1290
    0.4935    0.1844
    0.7594    0.2926
    1.1957    0.0612
    0.8397    0.0673
    0.8334    0.4413
    0.9649    0.0817
    0.9276    0.3552
    1.0328    0.1272
    0.8235    0.0435
    0.8632    0.2321
    1.2037    0.1157
    0.7271    0.0733
    0.6250    0.4785
    1.1753    0.0466
    1.1784    0.0331
    1.3171    0.0389
    1.2667    0.0920
    0.9507    0.0841
    1.3191    0.0147
    0.9140    0.0502
    1.0211    0.0668
    0.7717    0.5098
    1.3327    0.0056
    0.3022    0.0045
    0.7167    0.5638
    0.8815    0.1514
    0.7828    0.4266
    1.1972    0.1394
    0.8898    0.1080
    1.1521    0.0117
    0.5143    0.4850
    1.3538    0.0031
    1.1138    0.1577
    1.2661    0.0865
    1.0254    0.2774
    1.1379    0.0997
    0.8848    0.0869
    0.9367    0.3395
    0.8466    0.2386
    0.7685    0.5038
    0.9004    0.3838
    1.2806    0.0125
    0.8266    0.3793
    1.0479    0.1045
    1.2921    0.0220
    0.7143    0.2384
    1.1630    0.0199
    1.2698    0.0766
    0.8177    0.3232
    1.0402    0.0549
    1.1175    0.1794
    1.1653    0.0621
    1.0172    0.3179
    0.5870    0.4763
    1.2038    0.1005
    1.2675    0.0415
    0.6476    0.6154
    0.7627    0.4945
    0.7267    0.5484
    0.5653    0.1782
    0.7530    0.4432
    1.0459    0.2760
    0.7712    0.4774
    0.6639    0.5728
    0.8063    0.1023
    0.7996    0.2911
    0.7602    0.4724
    1.0773    0.2080
    0.2180    0.1560
    0.2660    0.2573
    0.9946    0.0573
    0.8081    0.1119
    0.8212    0.3004
    1.1495    0.0614
    0.7152    0.5444
    0.8534    0.4215
    1.2801    0.0485
    0.9710    0.3370
    1.1539    0.1842
    0.7058    0.1809
    0.8917    0.4082
    1.1674    0.1270
    1.2866    0.0339
    0.7093    0.5686
    0.3893    0.1797
    1.1935    0.1461
    0.9552    0.1043
    0.9392    0.2179
    0.7989    0.2963
    1.2144    0.0568
    0.9450    0.1960
    1.2883    0.0640
    0.6509    0.5434
    1.0755    0.1271
    1.0581    0.1631
    0.8614    0.4280
    0.8553    0.4174
    0.5187    0.2031
    0.6784    0.4740
    1.1096    0.2342
    1.3519    0.0418
    1.0030    0.2704
    0.6931    0.5783
    1.3351    0.0503
    1.0116    0.2847
    1.3132    0.0263
    0.9694    0.1561
    1.1322    0.1312
    1.0681    0.2133
    0.5943    0.5853
    0.6168    0.5786
    0.7467    0.4897
    0.7247    0.5547
    1.1762    0.0670
    0.5658    0.3017
    1.2459    0.0844
    0.6607    0.5702
    1.2055    0.0826
    1.1705    0.1563
    0.9837    0.1758
    0.9992    0.2280
    0.8042    0.2250
    1.2559    0.0897
    1.2195    0.0578
    0.9553    0.0541
    0.7135    0.5381
    0.4237    0.0043
    1.3201    0.0146
    1.0819    0.1038
    0.7402    0.4052
    0.7222    0.0709
    1.0600    0.1323
    0.3308    0.2846
    0.6831    0.5474
    0.6872    0.5663
    1.2691    0.0112
    1.1480    0.0616
    1.1829    0.0149
    1.3483    0.0171
    1.1836    0.1818
    1.1698    0.1759
    0.6373    0.2709
    0.7237    0.0849
    0.9308    0.1459
    1.0938    0.0340
    0.4659    0.1285
    0.8113    0.4713
    0.9125    0.0345
    0.7469    0.3012
    0.7275    0.4517
    1.2989    0.0249
    1.0049    0.1609
    1.3612    0.0247
    1.1953    0.1101
    1.0646    0.1879
    1.2834    0.0751
    1.2896    0.0089
    1.1979    0.0282
    0.4055    0.3148
    1.2709    0.0530
    1.1830    0.1480
    1.0917    0.0969
    0.3903    0.0335
    1.1940    0.1291
    0.2224    0.0176
    0.8978    0.1236
    1.1593    0.0644
    0.6819    0.2844
    1.0550    0.2863
    1.1090    0.0820
    0.9433    0.3292
    0.9282    0.3895
    0.7096    0.1984
    1.1002    0.0044
    1.2142    0.0174
    1.3186    0.0058
    0.7500    0.4946
    0.7262    0.2501
    0.6378    0.3543
    0.9597    0.3318
    0.7099    0.5504
    0.8879    0.4039
    1.1474    0.1863
    1.2526    0.0160
    0.9012    0.3291
    0.7279    0.0210
    0.7884    0.4969
    1.2049    0.0518
    1.0498    0.2759
    0.9761    0.1627
    0.9101    0.3533
    1.2042    0.0293
    1.1134    0.2344
    1.0602    0.2847
    0.6684    0.5803
    1.2931    0.0200
    0.8758    0.1941
    0.9829    0.2516
    0.6935    0.4741
    1.0223    0.3022
    1.1226    0.1523
    1.1635    0.0039
    1.0414    0.1868
    1.1456    0.1849
    0.7048    0.2234
    0.9376    0.3613
    0.6600    0.6127
    1.1820    0.0542
    0.9340    0.2457
    0.2756    0.0039
    1.3033    0.0857
     -         -    
