A70111PB March 30 permuted, Rot. 90.0 degs.        9999=  0.1000E+01
(111)  5.0 90.0  5.0360.0 1 1 2 3 1  100    0                                 
 143414341434143414341434143413741345134513451345134513451249124912491249
 124912491249124912491249124912491249124912491299129912991299129912991299
 143414341434143414341434143413741345134513451345134513451249124912491249
 124912491249124912491249124912491249124912491299129912991299129912991299
 136814011411140614111429142914061406136213061332131913321326124912491249
 125713451286130613621362130613511368141514511462149115191528152815301527
 152315271528152615251527152315141509148614471462145114551442138513451332
 139013621257127112991299127112571249126412491306134514011429142514291406
 146214941511151115161523152515161518150214621479147614761473139513451319
 137913791279141514581438137914151429146914971504152215311527152715231529
 153115291529153115311530153115271523150414621473145514581451137913451345
 142013951293131313381319129912861264127913061271129913901442145514791476
 146615041518152515291531153115311531152715261525152215221497144714011411
 140613451406147314381420142914911516152215211516150415141523152715301530
 153115301527152515141513152715251476147314511357136813451420124912491249
 124912491249124912491249124912491293136814011411143414421438145514661462
 144214691489150415231529152615211511150415161513152315281526150615211527
 150614551514152915291506151615141497149114831411137414341458146614971509
 151615231525152715281528151814551401131912491286135114581434140612711249
 124912491249124912491249124912491249133213511385145114511462147914791462
 144214201406142514551469140613621332136814421434144714201411141114731264
 124912491390142513901442143814861425135713061249124912491249135113681374
 134513741390135713681406129312491249124912491249124913851249124912491249
 124912491249124912491249124912491249124912491249124913321411144714831479
 129912491249127113451338124912491249124912491249124912491249124912491249
 124912491249124912491249124912491249124912491249124912491249133813261299
 131913901332124912491249124912491249124912491249124912491249124912491338
 144213511249124912491249124912491249124912491249124912491249124913511368
 129312491249125713131286124912491249124912491249124912491249129312491249
 124912491249124912491249124912491249124912491249124912491249130613621385
 140613681249124912491249124912491249124912491249124912491249124912491345
 135712491249124912491249124912491249124912491249124912491249124912791345
 147314341374135712991249124912491249124912491249124912491249132612711249
 124912491319130612491249124912491249124912491249124912491249135714291458
 146213741257124912491249124912491249124912491249124912491264124913191379
 134513131293127912491249124912491249124912491249124912491249126413951462
 152215111483137412791249124912491249124912491351142914291455145113621249
 133214511479147314291286133213131249124912491249124912491338144714861514
 151114511401127112491249124912491249124912491249124913261455142914251429
 140614061415140613741338124912861249124912491249124912491249136814761519
 152515291504142513901306129912491319124913321473152215271529152714661458
 150415271525149714941451145813261249124912491306124913131451146915111526
 151414761429128612491249124912491249129313321447150915161521150214791502
 150415131519151114911442136213511271124912491249124912491326143815131529
 143815191519150614581406128613621455141514791516153115271523152715301523
 153115231516152715271511147313791362134513621357124913381476152615311531
 153115161473137912491249124912491395143814891518152815181528152215111529
 153015301528153115271509146214381415130612491279124913261401151315131447
 125714341504151315291425132614421516150215271522151414831489150215061522
 149914941469148314831504153014421509147315221513136212491519152915231504
 147615111530150614061249124913791483150215301527149414661504152715271509
 149415251514152215251531152715141494143814201368125713791447152613901249
 132614291473142014791499145115021527153015221476147314381462145514341476
 148315061516150214731476152215251527152315301527151914251530152315211469
 139013951434149915231527151314111519153115041483145114581476152815211379
 142515091313139514551497151315221530150914941504141514581531145513901286
 147915131504148315111530152915291525152715311525150614911513145114061497
 151815271531152915181518152915301530153015301529146914971527149915271469
 137913901395142915141523150215291529152614911479147315021499152615261506
 151415021519151115251522152115301527151315251527150415261514148314691455
 151615291530151615291525152915311527149915131511152315211506152615311455
 148314911506152515301531152715301530153015301516142914341530153115311523
 149914621466146615191527152215261521152615281529153015191519151115021469
 149914551368141114551502151414831455148314891502146914661527152915221516
 153115301519152815131504152115311529152215221504148614621420140113851271
 140614291420146914991511150215091519152115141479137413791506151615221529
 153115141491149715301528152915111506151415251513149714731476145814291379
 144713621249125713261420145114151438143414291455140113901494149915181530
 152615301522153114991499152115301530152615231511148914551385131312641249
 131312491249124912791425147314831514150914691429129912991462147614991526
 152515271499152315211516152315291529152915291518149714831434137913511286
 137412491249124912861395144714291458142513901401131913191462145814971527
 152515301516153114991506152215301530152715271519150414761390130612711249
 130612491249124912491401145814511476145114011395127112571438145114911526
 152515301516153114991506152215301530152715271519150414761390130612711249
 130612491249124912491401145814511476145114011395127112571438145114911526
