A70111PB March 30 permuted, Rot. 90.0 degs.        9999=  0.1000E+01
(111)  5.0 90.0  5.0360.0 1 1 2 3 1  100    0                                 
 10391039103910391039103910391039103310331033103310331033 999 999 999 999
  999 999 999 999 999 999 999 999 999 999 9991019101910191019101910191019
 10391039103910391039103910391039103310331033103310331033 999 999 999 999
  999 999 999 999 999 999 999 999 999 999 9991019101910191019101910191019
 103810411041104110411039103910411041103710221030102610301028 999 999 999
 1003103310141022103710371022103410381041103410301009 959 918 918 900 929
  945 923 918 934 940 929 945 973 985101410361030103410331037104010331030
 10401037100310091019101910091003 9991006 9991022103310411039104010391041
 10301006 981 981 968 945 940 968 964 99610301019102210221024104110331026
 10391039101210411031103810391041103910261003 992 950 868 809 809 785 832
  868 839 839 868 874 861 874 929 945 99210301024103310311034103910331033
 104010411017102410311026101910141006101210221009101910401037103310191022
 1028 992 964 940 906 874 881 881 874 929 934 940 950 9501003103610411041
 10411033104110241038104010391009 968 950 955 968 992 973 945 929 888 894
  868 854 817 793 733 724 809 9401022102410341036103810331040 999 999 999
  999 999 999 999 999 999 999 9991017103810411041103910371038103310281030
 103710261012 992 945 912 934 955 981 992 968 977 945 918 934 989 955 929
  9891033 973 839 912 989 968 973100310091017104110391039103110281003 985
  968 945 940 923 918 918 964103310411026 999101410341031103910411009 999
  999 999 999 999 999 999 999 999 999103010341040103410341030101910191030
 103710401041104010331026104110371030103810371039103610401041104110241006
  999 999104010401040103710381014104010361022 999 999 999 999103410381039
 1033103910401036103810411017 999 999 999 999 999 9991040 999 999 999 999
  999 999 999 999 999 999 999 999 999 999 999 999 99910301041103610171019
 1019 999 999100910331031 999 999 999 999 999 999 999 999 999 999 999 999
  999 999 999 999 999 999 999 999 999 999 999 999 999 999 999103110281019
 102610401030 999 999 999 999 999 999 999 999 999 999 999 999 999 9991031
 10371034 999 999 999 999 999 999 999 999 999 999 999 999 999 99910341038
 1017 999 999100310241014 999 999 999 999 999 999 999 999 9991017 999 999
  999 999 999 999 999 999 999 999 999 999 999 999 999 999 999102210371040
 10411038 999 999 999 999 999 999 999 999 999 999 999 999 999 999 9991033
 1036 999 999 999 999 999 999 999 999 999 999 999 999 999 999 99910121033
 10241039103910361019 999 999 999 999 999 999 999 999 999 99910281009 999
  999 99910261022 999 999 999 999 999 999 999 999 999 999 999103610391031
 103010391003 999 999 999 999 999 999 999 999 999 999 9991006 99910261039
 1033102410171012 999 999 999 999 999 999 999 999 999 999 999100610411030
  950 981101710391012 999 999 999 999 999 999103410391039103310341037 999
 10301034101910241039101410301024 999 999 999 999 999 999103110361014 973
  981103410411009 999 999 999 999 999 999 999 999 99910281033103910401039
 104110411041104110391031 9991014 999 999 999 999 999 999 99910381022 959
  793 912 9921040104010221019 9991026 99910301024 950 929 906 92310281031
  992 929 94010031006103410311028 999 999 9991022 999102410341026 981 934
  973102210391014 999 999 999 999 999101710301036 985 968 955 9961019 996
  992 977 959 98110091037103710341009 999 999 999 999 99910281038 977 832
  465 759 959 9891031104110141037103310411019 968 874 809 785 817 894 945
  881 785 742 809 817 981102410391037103310371036 99910311022 934 874 868
  881 96810241039 999 999 999 999104110381012 964 825 751 825 950 981 832
  894 861 825 881 929 9851030103810411022 9991012 99910281041 977 724 489
   16 452 686 724 912104010281037 968 996 923 777 733 604 625 676 696 777
  666 646 559 604 604 686 8611037 9851024 950 9771037 999 959 906 785 686
  582 714 894 9891041 999 99910391017 996 900 817 646 548 686 923 923 705
  646 793 733 777 793 868 929 9731006103810401038100310391036 801 334   0
  175 439 571 414 593 9991034 996 923 847 777 582 571 465 537 513 452 582
  604 696 742 676 571 582 777 940 923 945 900 809 9591040 861 785 768 559
  334 348 452 666 945 923 9771041 959 868 686 604 501 525 582 825 768 306
  427 705 144 348 513 656 724 777 888 9851006 99210411031 881 513 334  81
  593 724 686 604 714 888 906 912 940 923 881 793 696 636 724 501 375 656
  751 817 881 832 751 751 839 847 854 894 847 90610261003 809 666 809 559
  306 334 348 439 733 785 676 839 839 801 636 593 571 676 666 801 801 696
  733 676 759 714 793 777 768 847 929 977 940 929 992 934 733 604 559 513
  742 839 854 742 906 940 906 874 923 999 977 981 945 955 989 934 8811033
 10171009 989 940 888 881 923 900 894 894 900 96810391039 888 874 881 785
  666 537 548 548 759 817 777 934 955 934 825 839 900 959 959 981 9961026
  9991033103810411033 996 9731017103310171012 99610261028 923 906 777 742
  881 847 759 825 977 992 955 881 906 950 950 992101410301040104110401009
 1041103910401026 999 981 996 985 959 955 973101910391039 989 968 950 912
  881 733 636 656 854 918 906 981 989 973 940 977100310241022103110391039
 10361037 999100310281040103410411038103910391033104110401006 999 964 861
  934 854 777 881 999 999 955 888 894 934 945 98110121033104010241006 999
 1024 999 999 9991012104010241017 973 985102610391019101910301022 999 934
  940 817 666 785 955 968 945 906 912 912 906 964100310171039103910341014
 1039 999 999 9991014104110361039103110401040104110261026103010311003 923
  940 854 742 874 999 989 950 900 900 929 929 959 9921022104010221009 999
 1022 999 999 999 999104110311034102210341041104110091003103810341009 934
  940 854 742 874 999 989 950 900 900 929 929 959 9921022104010221009 999
 1022 999 999 999 999104110311034102210341041104110091003103810341009 934
