A70111PB March 30 permuted, Rot. 90.0 degs.        9999=  0.1000E+01
(111)  5.0 90.0  5.0360.0 1 1 2 3 1  100    0                                 
 187518751875187518751875187517481692169216921692169216921528152815281528
 152815281528152815281528152815281528152815281612161216121612161216121612
 187518751875187518751875187517481692169216921692169216921528152815281528
 152815281528152815281528152815281528152815281612161216121612161216121612
 173718021823181218231864186418121812172616231670164716701658152815281528
 154016921588162317261726162317031737183319151945203021442209220922322193
 216922012209218521772193216921192093201119051945191519251895177016921670
 178017261540156416121612156415401528155215281623169218021864185418641812
 194520392101210121272169217721272136206619451993198319831974179116921647
 175917591576183319351885175918331864196420482075216122702327232723472306
 227022992299227022632277226321932169207519451974192519351915175916921692
 184417911600163516811647161215881552157616231564161217801895192519931983
 195420752136217722252263225522552263219321852177216121612048190518021823
 181216921812197418851844186420302127216121522127207521192169219322482240
 227022852320234123862393232721771983197419151715173716921844152815281528
 152815281528152815281528152815281600173718021823187518951885192519541945
 189519642021207521692217218521522101207521272110216922092185208421522193
 208419252119229922172084212721192048203020021823174818751935195420482093
 212721692177220122092209213619251802164715281588170319351875181215641528
 152815281528152815281528152815281528167017031770191519151945199319931945
 189518441812185419251964181217261670173718951875190518441823182319741552
 152815281780185417801895188520111854171516231528152815281528170317371748
 169217481780171517371812160015281528152815281528152817701528152815281528
 152815281528152815281528152815281528152815281528152816701823190520021993
 161215281528156416921681152815281528152815281528152815281528152815281528
 152815281528152815281528152815281528152815281528152815281528168116581612
 164717801670152815281528152815281528152815281528152815281528152815281681
 189517031528152815281528152815281528152815281528152815281528152817031737
 160015281528154016351588152815281528152815281528152815281528160015281528
 152815281528152815281528152815281528152815281528152815281528162317261770
 181217371528152815281528152815281528152815281528152815281528152815281692
 171515281528152815281528152815281528152815281528152815281528152815761692
 197418751748171516121528152815281528152815281528152815281528165815641528
 152815281647162315281528152815281528152815281528152815281528171518641935
 194517481540152815281528152815281528152815281528152815281552152816471759
 169216351600157615281528152815281528152815281528152815281528155217911945
 216121012002174815761528152815281528152815281703186418641925191517261528
 167019151993197418641588167016351528152815281528152815281681190520112119
 210119151802156415281528152815281528152815281528152816581925186418541864
 181218121833181217481681152815881528152815281528152815281528173719832144
 234122172075185417801623161215281647152816701974216121932225220119541935
 207521932177204820391915193516581528152815281623152816351915196421012185
 211919831864158815281528152815281528160016701905209321272152206619932066
 207521102144210120301895172617031564152815281528152815281658188521102306
 252523672144208419351812158817261925183319932127226323272347232022402169
 225523472380232723202101197417591726169217261715152816811983218522632270
 225521271974175915281528152815281791188520212136231323742313216121012306
 224022772313225521932093194518851833162315281576152816581802211023932515
 264125292417239322171854165818952127206622012354238624632452242324112354
 242924412485246324632417227718952093197421612110172615282144222523472417
 247423992240208418121528152817592002206622322320244124902417220122012405
 244123412386235423412270219321192039188518441737154017591905233425692644
 261025342479254324692057191520662201229223542474247925252495250525292474
 246324112380242324792474235421772201216922322327214418542277234723612485
 256925652529242921692201211018232144227024172463251025002474231323612577
 253824052617256525052435239323542248209320392075183319352255250525692630
 246923932417246323992248222522172177220122552341241124462393251025562435
 237423202255230623742374229922922285224022922225196420482327242923272485
 257725692565253423862347242322992299233424462469247924232429233423342411
 238624232367239923412354236122922193211021772193207521852386246324852505
 238022992285238022252177222522632201205721102101216921522084218522551925
 200220302084217722482255220122322240224022322127186418752248226322552347
 242924952490249023672320235421852152218523132299223221442144210120661964
 205719251737182319252066211920021925200220212066196419542201222523542380
 225522922367231321102075215222552225216121612075201119451844180217701564
 181218641844196420572101206620932144215221191993174817592084212721612217
 225523862446243522852209222521012084211921772110204819741983193518641759
 190517261528154016581844191518331885187518641925180217802039205721362277
 218522852354225520572057215222482240218521692101202119251770163515521528
 163515281528152815761854197420022119209319641864161216121945198320572185
 217723202429234721522127216922252217221722252136204820021875175917031588
 174815281528152815881791190518641935185417801802164716471945193520482201
 217722852380226320572084216122322232219321932144207519831780162315641528
 162315281528152815281802193519151983191518021791156415401885191520302185
 217722852380226320572084216122322232219321932144207519831780162315641528
 162315281528152815281802193519151983191518021791156415401885191520302185
